[[[30788.49506465]
  [24560.7223902 ]
  [18687.90737411]
  [14630.41407431]
  [11881.971989  ]]

 [[22592.57877082]
  [19756.63696484]
  [16291.7400539 ]
  [13391.72760114]
  [11189.21253584]]

 [[10983.88902295]
  [10605.01954696]
  [ 9951.7641185 ]
  [ 9164.81963489]
  [ 8357.4859559 ]]

 [[ 7063.36518644]
  [ 6959.4864744 ]
  [ 6764.77681645]
  [ 6501.11188858]
  [ 6193.19002021]]

 [[ 5183.09303449]
  [ 5141.62759507]
  [ 5061.59732007]
  [ 4948.26352723]
  [ 4808.35481612]]]
[[[22988.97003673]
  [22592.57872447]
  [21857.66304841]
  [20878.45926931]
  [19756.63656389]]

 [[31815.05880595]
  [30788.49505732]
  [29002.10764856]
  [26823.76193904]
  [24560.72212226]]

 [[38165.13544275]
  [36429.438718  ]
  [33567.63945497]
  [30311.12510191]
  [27152.90019392]]

 [[31815.05881404]
  [30788.49512329]
  [29002.10780174]
  [26823.76217658]
  [24560.72242369]]

 [[22988.97004284]
  [22592.57877661]
  [21857.66317956]
  [20878.45949334]
  [19756.63687767]]]
[[[21616.89480275]
  [21496.12906071]
  [21260.54787703]
  [20921.26195572]
  [20493.16005893]]

 [[26236.08108134]
  [26021.02759332]
  [25606.32326731]
  [25019.841035  ]
  [24297.0932753 ]]

 [[31901.68949007]
  [31517.3177539 ]
  [30788.49504998]
  [29784.25085378]
  [28586.39982255]]

 [[37026.68238704]
  [36429.43870853]
  [35316.82602293]
  [33823.88467807]
  [32099.22500128]]

 [[37980.31529925]
  [37336.53456885]
  [36141.45450995]
  [34546.18442863]
  [32714.60175236]]]
[[[21061.22045185]
  [21003.98875605]
  [20890.91124323]
  [20724.66786947]
  [20509.06069868]]

 [[24117.35174043]
  [24031.52458429]
  [23862.58379371]
  [23615.72278029]
  [23298.18592518]]

 [[27790.3792461 ]
  [27659.29181876]
  [27402.58747292]
  [27030.58933774]
  [26557.36949759]]

 [[31925.68174045]
  [31727.38367459]
  [31341.62605168]
  [30788.49504265]
  [30094.58062101]]

 [[35848.85268569]
  [35568.77926821]
  [35027.7777273 ]
  [34260.65309543]
  [33312.07697045]]]
[[[20760.92808235]
  [20727.71056835]
  [20661.75107374]
  [20563.98194364]
  [20435.75627141]]

 [[23034.31322176]
  [22988.97003617]
  [22899.08122152]
  [22766.20337601]
  [22592.57863758]]

 [[25680.36466248]
  [25617.57638991]
  [25493.36920603]
  [25310.40003545]
  [25072.45908702]]

 [[28689.52779704]
  [28602.0595274 ]
  [28429.49649316]
  [28176.4098506 ]
  [27849.24154991]]

 [[31935.5708285 ]
  [31815.05882872]
  [31578.07184914]
  [31232.31609546]
  [30788.49503532]]]
3.78916136589e-19
