[[[ 3.16148960e+05]
  [ 2.49467701e+05]
  [ 1.88695508e+05]
  [ 1.50679044e+05]
  [ 1.24055070e+05]
  [ 1.03700152e+05]
  [ 8.75526343e+04]
  [ 7.45418013e+04]
  [ 6.39687162e+04]
  [ 5.67989803e+04]]

 [[ 5.94598069e+05]
  [ 5.32727763e+05]
  [ 3.91645299e+05]
  [ 2.89767477e+05]
  [ 2.19861213e+05]
  [ 1.71034743e+05]
  [ 1.36021662e+05]
  [ 1.10294399e+05]
  [ 9.09735876e+04]
  [ 7.30981957e+04]]

 [[ 1.67616917e+05]
  [ 1.97971023e+05]
  [ 1.83233636e+05]
  [ 1.61427323e+05]
  [ 1.38232782e+05]
  [ 1.17021927e+05]
  [ 9.89323399e+04]
  [ 8.39721249e+04]
  [ 7.17398476e+04]
  [ 5.52420004e+04]]

 [[ 2.40272690e+04]
  [ 4.74605271e+04]
  [ 4.98245394e+04]
  [ 5.14110051e+04]
  [ 5.15367134e+04]
  [ 5.02218400e+04]
  [ 4.78432404e+04]
  [ 4.48377130e+04]
  [ 4.15624337e+04]
  [ 3.02367382e+04]]

 [[-1.11354606e+04]
  [ 5.68937280e+03]
  [ 8.00410687e+03]
  [ 1.07735736e+04]
  [ 1.34883381e+04]
  [ 1.57923944e+04]
  [ 1.75131477e+04]
  [ 1.86240203e+04]
  [ 1.91867928e+04]
  [ 1.10837364e+04]]

 [[-1.66916948e+04]
  [-4.00772269e+03]
  [-2.79164896e+03]
  [-1.17928736e+03]
  [ 6.38153800e+02]
  [ 2.48173016e+03]
  [ 4.21079958e+03]
  [ 5.73281421e+03]
  [ 7.00047795e+03]
  [ 1.96206401e+02]]

 [[-1.61560685e+04]
  [-6.00600433e+03]
  [-5.37023630e+03]
  [-4.48777412e+03]
  [-3.42992788e+03]
  [-2.27267473e+03]
  [-1.08714348e+03]
  [ 6.69910435e+01]
  [ 1.14476813e+03]
  [-5.08076386e+03]]

 [[-1.45308824e+04]
  [-6.06049324e+03]
  [-5.70571381e+03]
  [-5.20102646e+03]
  [-4.57555856e+03]
  [-3.86259360e+03]
  [-3.09625828e+03]
  [-2.30867887e+03]
  [-1.52791224e+03]
  [-7.34650811e+03]]

 [[-1.28992043e+04]
  [-5.62320248e+03]
  [-5.41144974e+03]
  [-5.10578421e+03]
  [-4.71932222e+03]
  [-4.26769338e+03]
  [-3.76781180e+03]
  [-3.23669760e+03]
  [-2.69046982e+03]
  [-8.13292125e+03]]

 [[-1.14868949e+04]
  [-5.11085646e+03]
  [-4.98764997e+03]
  [-4.80816440e+03]
  [-4.57835938e+03]
  [-4.30552178e+03]
  [-3.99780223e+03]
  [-3.66374121e+03]
  [-3.31182775e+03]
  [-8.42397626e+03]]]
[[[ -1115.98834748]
  [ 28553.71882672]
  [ 61248.28708962]
  [ 75702.24084739]
  [ 79365.78925606]
  [ 77738.94959156]
  [ 73756.01413513]
  [ 68881.24924506]
  [ 63826.84053112]
  [ 64593.86234987]]

 [[245857.92671841]
  [219598.11124419]
  [194986.2814466 ]
  [169347.20046454]
  [146301.19413448]
  [126745.94974619]
  [110444.69303901]
  [ 96868.71860014]
  [ 85503.68051187]
  [ 79287.61265297]]

 [[232859.34100559]
  [227023.62669931]
  [203560.86840458]
  [177375.7403547 ]
  [152576.68147995]
  [130857.71223594]
  [112508.98289931]
  [ 97235.22257993]
  [ 84573.28154846]
  [ 73815.93709431]]

 [[125024.65042254]
  [141081.7924392 ]
  [130799.27133755]
  [118384.27398083]
  [105588.19125328]
  [ 93458.75868233]
  [ 82488.66790304]
  [ 72830.85749387]
  [ 64457.0002323 ]
  [ 53274.70337346]]

 [[ 28329.46452982]
  [ 48087.03413098]
  [ 47616.45382521]
  [ 46599.9688161 ]
  [ 44998.4037211 ]
  [ 42921.27682358]
  [ 40538.40375851]
  [ 38012.60824435]
  [ 35471.2109181 ]
  [ 26526.90274488]]

 [[-19164.32482974]
  [ -2416.84678867]
  [  -621.54177525]
  [  1616.66614646]
  [  3951.25899628]
  [  6118.77535233]
  [  7964.85963655]
  [  9429.35331981]
  [ 10516.16623914]
  [  3759.64440342]]

 [[-34219.65447082]
  [-20797.41883223]
  [-19242.67326977]
  [-17140.74516116]
  [-14703.17202242]
  [-12133.30263511]
  [ -9598.38453126]
  [ -7217.83634174]
  [ -5064.31406007]
  [-10758.41621846]]

 [[-36068.01349665]
  [-25163.35933427]
  [-24135.558904  ]
  [-22694.5966519 ]
  [-20941.90882921]
  [-18986.49953469]
  [-16931.92744687]
  [-14867.24010592]
  [-12862.37309653]
  [-18191.10699002]]

 [[-33803.80889013]
  [-24703.26416651]
  [-24051.34552512]
  [-23118.16823215]
  [-21951.20965037]
  [-20604.91982924]
  [-19135.4862973 ]
  [-17596.3667762 ]
  [-16035.0476222 ]
  [-21197.21068087]]

 [[-30757.36267578]
  [-22982.84819317]
  [-22582.28771987]
  [-22001.35588569]
  [-21261.90280566]
  [-20390.0150809 ]
  [-19414.02002707]
  [-18362.5865405 ]
  [-17263.11428904]
  [-22307.7061422 ]]]
[[[  7752.12041388]
  [   513.16284087]
  [  3309.47929821]
  [  6818.7516286 ]
  [ 10514.04319947]
  [ 13988.21395325]
  [ 16994.48770178]
  [ 19426.59733609]
  [ 21275.92920912]
  [ 28452.31172101]]

 [[ -6170.7703814 ]
  [-10874.25017734]
  [ -3700.17617093]
  [  4365.49802554]
  [ 11841.80725487]
  [ 17989.02711987]
  [ 22629.53157355]
  [ 25885.36238444]
  [ 27991.52263323]
  [ 34499.77838138]]

 [[  2506.57791399]
  [   723.49126548]
  [  9502.49891211]
  [ 18270.50829399]
  [ 25328.5872854 ]
  [ 30255.00897439]
  [ 33280.53125053]
  [ 34830.65559375]
  [ 35316.57240223]
  [ 38994.91285505]]

 [[ 48647.28448949]
  [ 46900.61786041]
  [ 47599.43128248]
  [ 47909.24856762]
  [ 47558.63585377]
  [ 46540.42527773]
  [ 44992.25661484]
  [ 43088.73696146]
  [ 40986.14225069]
  [ 40365.08006755]]

 [[ 52224.87816441]
  [ 57028.74235666]
  [ 55174.90630281]
  [ 52694.50281257]
  [ 49832.9876117 ]
  [ 46800.98938646]
  [ 43754.85270206]
  [ 40798.8724119 ]
  [ 37996.14496091]
  [ 33967.84707958]]

 [[ 23468.11922965]
  [ 34254.12845396]
  [ 33576.09601797]
  [ 32624.45321762]
  [ 31463.0927276 ]
  [ 30158.53834179]
  [ 28772.13684317]
  [ 27355.52700242]
  [ 25948.97491219]
  [ 20483.66896549]]

 [[ -6226.2022771 ]
  [  6227.47303362]
  [  6783.47511414]
  [  7498.0343809 ]
  [  8271.24112315]
  [  9017.65357384]
  [  9677.63306117]
  [ 10218.32129815]
  [ 10628.65247883]
  [  5085.16130692]]

 [[-23886.30028152]
  [-12175.67824221]
  [-11244.02419804]
  [ -9968.17565577]
  [ -8463.33379002]
  [ -6844.51679542]
  [ -5211.27718248]
  [ -3639.82645309]
  [ -2181.63882593]
  [ -7448.69592983]]

 [[-30755.2808016 ]
  [-20437.23506475]
  [-19608.82273526]
  [-18442.92457527]
  [-17017.43177062]
  [-15416.91444969]
  [-13722.81544342]
  [-12006.39560391]
  [-10324.90086034]
  [-15407.70698505]]

 [[-32348.64271405]
  [-23395.75902296]
  [-22809.55132756]
  [-21969.43783283]
  [-20917.04714272]
  [-19700.12822306]
  [-18367.98422286]
  [-16967.59162649]
  [-15540.7971428 ]
  [-20575.55165119]]]
[[[ 12192.50030722]
  [  6050.48731617]
  [  6580.87101209]
  [  7323.40085558]
  [  8223.75191881]
  [  9222.38629994]
  [ 10261.40334934]
  [ 11289.71220726]
  [ 12266.08943231]
  [ 18284.79399221]]

 [[  6049.1891584 ]
  [   -85.40912529]
  [  1023.23883209]
  [  2542.09544328]
  [  4332.39953964]
  [  6252.97845234]
  [  8178.88701845]
  [ 10012.02888753]
  [ 11684.22953257]
  [ 18228.37093962]]

 [[ -3547.85711441]
  [ -9089.47051316]
  [ -6994.64734054]
  [ -4214.77910851]
  [ -1068.24299957]
  [  2154.68817757]
  [  5230.87699399]
  [  8014.73955401]
  [ 10429.63866093]
  [ 17158.77206647]]

 [[-10247.57313012]
  [-14377.54198483]
  [-11291.26336635]
  [ -7335.29795027]
  [ -3045.87956894]
  [  1142.72479204]
  [  4946.07978288]
  [  8218.96304268]
  [ 10918.95476949]
  [ 16916.88238888]]

 [[ -5294.52657408]
  [ -7420.15021626]
  [ -4758.29207472]
  [ -1394.20478536]
  [  2186.95917748]
  [  5607.90297941]
  [  8636.44467611]
  [ 11167.84436921]
  [ 13186.30612879]
  [ 17087.57999668]]

 [[  4228.54021848]
  [  5039.97208627]
  [  6227.08606939]
  [  7751.4580988 ]
  [  9401.88660337]
  [ 11001.05300222]
  [ 12428.15625347]
  [ 13618.86281746]
  [ 14553.15713026]
  [ 15550.17621132]]

 [[  3475.17383232]
  [  8006.24665568]
  [  8447.75920704]
  [  9034.83133163]
  [  9698.72229802]
  [ 10374.01668586]
  [ 11008.00115085]
  [ 11564.58346455]
  [ 12023.81730446]
  [ 10466.85757148]]

 [[ -6293.49495504]
  [  1056.39850911]
  [  1481.11458158]
  [  2066.33101016]
  [  2761.56870933]
  [  3514.79781227]
  [  4279.20623816]
  [  5017.27405958]
  [  5702.18649203]
  [  2530.40956675]]

 [[-17029.17508884]
  [ -8490.54829635]
  [ -7936.23618443]
  [ -7158.63595183]
  [ -6211.96402121]
  [ -5154.50251764]
  [ -4041.71884425]
  [ -2921.4951271 ]
  [ -1831.70480126]
  [ -5814.41479978]]

 [[-26575.23220577]
  [-18018.80297799]
  [-17455.72418442]
  [-16652.58847819]
  [-15652.78557207]
  [-14505.20382237]
  [-13259.24602952]
  [-11960.83567676]
  [-10649.76982563]
  [-14973.68312107]]]
[[[ 14261.81892462]
  [  9302.95657477]
  [  9461.36825497]
  [  9689.9703907 ]
  [  9978.80116951]
  [ 10315.87435995]
  [ 10688.05722516]
  [ 11081.93454944]
  [ 11484.57421328]
  [ 16261.43457399]]

 [[ 11392.81529643]
  [  6275.67356508]
  [  6569.83016273]
  [  6991.48315966]
  [  7519.42988651]
  [  8128.78628138]
  [  8793.13495233]
  [  9486.49995719]
  [ 10184.94146331]
  [ 15315.68286367]]

 [[  6338.50559379]
  [  1218.22180967]
  [  1730.29203884]
  [  2457.21073906]
  [  3355.63656123]
  [  4376.44126352]
  [  5469.70965367]
  [  6588.89490663]
  [  7693.71210346]
  [ 13144.67807656]]

 [[  -104.76707489]
  [ -4936.16007031]
  [ -4095.98426956]
  [ -2918.28761589]
  [ -1486.84051635]
  [   107.50741185]
  [  1777.44682997]
  [  3446.86724981]
  [  5055.03749399]
  [ 10689.16882395]]

 [[ -6477.2559692 ]
  [-10570.59900473]
  [ -9359.00987769]
  [ -7683.69473638]
  [ -5683.25124429]
  [ -3501.06819162]
  [ -1267.005362  ]
  [   913.67441523]
  [  2964.2635564 ]
  [  8398.4795102 ]]

 [[ -9972.84717721]
  [-12775.40631866]
  [-11390.05128545]
  [ -9492.08040277]
  [ -7252.57121117]
  [ -4842.98686999]
  [ -2412.4969446 ]
  [   -76.09791192]
  [  2087.73670724]
  [  6632.72534286]]

 [[ -9491.40105271]
  [-10432.07739302]
  [ -9263.08063056]
  [ -7659.42476342]
  [ -5763.96738002]
  [ -3720.47277311]
  [ -1654.6463448 ]
  [   336.00256291]
  [  2184.39532759]
  [  5081.97876611]]

 [[ -8406.87550975]
  [ -7034.23440435]
  [ -6251.32443054]
  [ -5164.25649308]
  [ -3858.98567988]
  [ -2425.42977374]
  [  -946.1707594 ]
  [   510.677101  ]
  [  1894.34954845]
  [  2769.30299898]]

 [[-10215.9198705 ]
  [ -6546.77126145]
  [ -6013.18411684]
  [ -5260.44130546]
  [ -4337.39576965]
  [ -3297.72886269]
  [ -2193.90932145]
  [ -1072.66057935]
  [    27.70054932]
  [  -944.74881144]]

 [[-19571.10562033]
  [-14168.98563961]
  [-13663.98412431]
  [-12941.03727891]
  [-12036.80116368]
  [-10993.26274573]
  [ -9853.69892975]
  [ -8659.25334055]
  [ -7446.47473683]
  [ -9602.19181344]]]
[[[ 15455.78714632]
  [ 11339.3462443 ]
  [ 11397.35872025]
  [ 11482.0911101 ]
  [ 11590.93788688]
  [ 11720.64182312]
  [ 11867.45515749]
  [ 12027.31410774]
  [ 12196.01399561]
  [ 16136.01903699]]

 [[ 14000.04335346]
  [  9737.30626555]
  [  9839.85552003]
  [  9989.30479154]
  [ 10180.71281049]
  [ 10407.96984222]
  [ 10664.14363826]
  [ 10941.84352933]
  [ 11233.57278493]
  [ 15390.16238866]]

 [[ 11292.8177193 ]
  [  6940.82926924]
  [  7109.06449922]
  [  7353.35334338]
  [  7664.69494875]
  [  8032.12196509]
  [  8443.42012741]
  [  8885.85700554]
  [  9346.85304369]
  [ 13707.59973949]]

 [[  7613.1897661 ]
  [  3279.04082579]
  [  3546.39214341]
  [  3932.6943388 ]
  [  4421.75676543]
  [  4994.21156176]
  [  5628.98623894]
  [  6304.7231171 ]
  [  7001.0035545 ]
  [ 11534.8706775 ]]

 [[  3037.4799328 ]
  [ -1101.46062434]
  [  -696.8668459 ]
  [  -115.79218808]
  [   613.88172795]
  [  1459.52457048]
  [  2386.60212182]
  [  3361.25669817]
  [  4352.35428004]
  [  8969.83350077]]

 [[ -1923.51808019]
  [ -5603.24657083]
  [ -5039.05272291]
  [ -4233.99081787]
  [ -3231.74851226]
  [ -2082.2838637 ]
  [  -836.95230913]
  [   455.62599915]
  [  1752.53943818]
  [  6257.03037833]]

 [[ -6246.40764014]
  [ -9122.86980997]
  [ -8430.53963197]
  [ -7447.83109011]
  [ -6232.9343634 ]
  [ -4851.1357242 ]
  [ -3367.96363797]
  [ -1843.7053363 ]
  [  -329.80423271]
  [  3719.1912915 ]]

 [[ -8960.23045542]
  [-10653.88271672]
  [ -9936.19731334]
  [ -8919.39017796]
  [ -7665.36053101]
  [ -6243.02780785]
  [ -4720.91346685]
  [ -3161.35135781]
  [ -1616.83532143]
  [  1528.90818259]]

 [[-10207.70426589]
  [-10390.55205116]
  [ -9761.82265248]
  [ -8868.48073699]
  [ -7762.43228721]
  [ -6501.93471607]
  [ -5145.50204717]
  [ -3747.03337768]
  [ -2352.61540554]
  [  -502.0075348 ]]

 [[-16750.72747393]
  [-15236.41034235]
  [-14663.47426686]
  [-13842.55944853]
  [-12814.60734818]
  [-11626.67217742]
  [-10327.46270295]
  [ -8963.52935957]
  [ -7576.48144416]
  [ -6968.88488409]]]
[[[ 16230.16425082]
  [ 12721.54469611]
  [ 12744.4847648 ]
  [ 12778.16154354]
  [ 12821.72627205]
  [ 12874.09723508]
  [ 12933.99864628]
  [ 13000.00475335]
  [ 13070.58676992]
  [ 16428.72201143]]

 [[ 15478.05873876]
  [ 11850.43272345]
  [ 11891.17397602]
  [ 11950.98655932]
  [ 12028.37342398]
  [ 12121.43728764]
  [ 12227.95640523]
  [ 12345.46926875]
  [ 12471.36310651]
  [ 15973.79587553]]

 [[ 13955.58986205]
  [ 10234.91650879]
  [ 10300.18236817]
  [ 10395.88497712]
  [ 10519.50885886]
  [ 10667.88936467]
  [ 10837.35519569]
  [ 11023.8847395 ]
  [ 11223.26558675]
  [ 14859.95809929]]

 [[ 11853.16436847]
  [  8086.80812128]
  [  8187.97642494]
  [  8336.02665189]
  [  8526.74916007]
  [  8754.89550073]
  [  9014.44651098]
  [  9298.89963338]
  [  9601.55357902]
  [ 13356.70993258]]

 [[  9103.56155964]
  [  5368.95537188]
  [  5520.68095058]
  [  5742.11625819]
  [  6026.32593148]
  [  6364.75607157]
  [  6747.73034228]
  [  7164.9669238 ]
  [  7606.07263662]
  [ 11444.78119555]]

 [[  5735.86951789]
  [  2151.19473845]
  [  2369.43936314]
  [  2686.92054007]
  [  3092.60686258]
  [  3573.05928185]
  [  4113.31101759]
  [  4697.75509177]
  [  5310.95765491]
  [  9165.03527524]]

 [[  1957.84979495]
  [ -1309.43254107]
  [ -1013.41314314]
  [  -584.28604559]
  [   -38.50560165]
  [   604.14024915]
  [  1321.97125558]
  [  2092.81885671]
  [  2895.25508688]
  [  6643.60529528]]

 [[ -1802.44459533]
  [ -4536.09662306]
  [ -4166.25761382]
  [ -3631.76610387]
  [ -2954.78910698]
  [ -2161.6777089 ]
  [ -1280.88516806]
  [  -341.00263469]
  [   630.88786575]
  [  4082.2056582 ]]

 [[ -5018.515298  ]
  [ -6971.84467732]
  [ -6555.99034319]
  [ -5956.09487584]
  [ -5198.12497577]
  [ -4312.72105179]
  [ -3332.66270891]
  [ -2290.52742695]
  [ -1216.78328035]
  [  1681.6541866 ]]

 [[-11388.28505133]
  [-12305.94202707]
  [-11849.65463347]
  [-11190.50132757]
  [-10355.99293122]
  [ -9378.64129394]
  [ -8293.30267295]
  [ -7134.71975605]
  [ -5935.51362721]
  [ -3734.07584043]]]
[[[16771.67082574]
  [13717.87577323]
  [13726.56909971]
  [13739.33614947]
  [13755.85823273]
  [13775.72471839]
  [13798.44444657]
  [13823.45901769]
  [13850.15740343]
  [16780.23360348]]

 [[16406.1891703 ]
  [13256.78251675]
  [13273.54536014]
  [13298.22821946]
  [13330.2936608 ]
  [13369.05129797]
  [13413.67853866]
  [13463.24453981]
  [13516.73627316]
  [16550.87659091]]

 [[15532.78062214]
  [12301.35468464]
  [12328.64143326]
  [12368.83546858]
  [12421.08222149]
  [12484.28837907]
  [12557.1580243 ]
  [12638.23392416]
  [12725.94186424]
  [15856.2443187 ]]

 [[14305.954496  ]
  [11016.60828663]
  [11058.88868426]
  [11121.13801688]
  [11202.00189875]
  [11299.75610949]
  [11412.36976341]
  [11537.57656466]
  [11672.95011539]
  [14888.7339822 ]]

 [[12664.65213439]
  [ 9355.8190087 ]
  [ 9418.96973248]
  [ 9511.84552496]
  [ 9632.31693567]
  [ 9777.688929  ]
  [ 9944.8108436 ]
  [10130.1985716 ]
  [10330.16127517]
  [13611.8598508 ]]

 [[10568.74901549]
  [ 7298.41632978]
  [ 7389.61055236]
  [ 7523.52391544]
  [ 7696.86243219]
  [ 7905.48552916]
  [ 8144.59441909]
  [ 8408.93777799]
  [ 8693.02042077]
  [12007.34793716]]

 [[ 8027.24509691]
  [ 4878.5655351 ]
  [ 5005.43435992]
  [ 5191.38694531]
  [ 5431.47422452]
  [ 5719.52214816]
  [ 6048.44378905]
  [ 6410.57350399]
  [ 6797.99766894]
  [10091.01411969]]

 [[ 5132.97670343]
  [ 2218.66828954]
  [ 2387.20278396]
  [ 2633.72902749]
  [ 2951.15399156]
  [ 3330.6986228 ]
  [ 3762.38625708]
  [ 4235.5548635 ]
  [ 4739.35087808]
  [ 7927.8479793 ]]

 [[ 2084.43156643]
  [ -453.03044559]
  [ -241.9565759 ]
  [   66.21587158]
  [  462.00634585]
  [  933.76699235]
  [ 1468.38390682]
  [ 2051.99834704]
  [ 2670.6847746 ]
  [ 5634.7596225 ]]

 [[-3362.48398071]
  [-5351.03417807]
  [-5089.47074602]
  [-4707.80339839]
  [-4217.98508886]
  [-3634.63661503]
  [-2974.12901144]
  [-2253.65226611]
  [-1490.3544676 ]
  [ 1149.68172822]]]
[[[17170.90603868]
  [14468.95499687]
  [14471.31272247]
  [14474.73752297]
  [14479.09818099]
  [14484.22450079]
  [14489.9111727 ]
  [14495.92234663]
  [14501.99676299]
  [17102.82560224]]

 [[17032.69607315]
  [14253.18368818]
  [14259.51775787]
  [14268.83462704]
  [14280.91830967]
  [14295.4890991 ]
  [14312.21025007]
  [14330.69584629]
  [14350.51957048]
  [17030.81049826]]

 [[16540.64798655]
  [13691.42865959]
  [13702.71299441]
  [13719.35660572]
  [13741.02847783]
  [13767.30094955]
  [13797.66070009]
  [13831.52159939]
  [13868.23891729]
  [16622.06114122]]

 [[15824.54756605]
  [12919.19467146]
  [12937.39717947]
  [12964.26854484]
  [12999.3039842 ]
  [13041.85321363]
  [13091.13857046]
  [13146.27604832]
  [13206.29833675]
  [16026.09520195]]

 [[14841.68488938]
  [11901.32703282]
  [11929.02765656]
  [11969.92167211]
  [12023.24430237]
  [12088.01370747]
  [12163.06086376]
  [12247.06393789]
  [12338.58552144]
  [15211.80751146]]

 [[13552.77020199]
  [10608.70013074]
  [10649.14493014]
  [10708.82362358]
  [10786.5891073 ]
  [10880.97457785]
  [10990.24248222]
  [11112.44025587]
  [11245.45993191]
  [14152.47334838]]

 [[11931.3790392 ]
  [ 9028.09228012]
  [ 9085.10331161]
  [ 9169.15535425]
  [ 9278.55513735]
  [ 9411.14726587]
  [ 9564.3932078 ]
  [ 9735.46019579]
  [ 9921.31493623]
  [12832.55719659]]

 [[ 9977.93546973]
  [ 7176.23135636]
  [ 7253.82691783]
  [ 7368.10289252]
  [ 7516.62095183]
  [ 7696.2926563 ]
  [ 7903.50347348]
  [ 8134.25059554]
  [ 8384.28591578]
  [11256.62372537]]

 [[ 7736.1995236 ]
  [ 5115.52317777]
  [ 5217.08590738]
  [ 5366.47830307]
  [ 5560.31535828]
  [ 5794.33156045]
  [ 6063.56736037]
  [ 6362.57365395]
  [ 6685.62041   ]
  [ 9458.26774018]]

 [[ 3727.49578516]
  [ 1389.06961015]
  [ 1521.93089366]
  [ 1717.23880392]
  [ 1970.44005497]
  [ 2275.8209636 ]
  [ 2626.77318531]
  [ 3016.08169995]
  [ 3436.21432962]
  [ 6050.82299263]]]
[[[17695.74429681]
  [15272.33262105]
  [15269.20701111]
  [15264.49227495]
  [15258.15757789]
  [15250.16302686]
  [15240.4606669 ]
  [15228.99566823]
  [15215.70766838]
  [17544.34497804]]

 [[18195.1376364 ]
  [15707.32890915]
  [15705.12846799]
  [15701.78074038]
  [15697.230547  ]
  [15691.40642874]
  [15684.22236792]
  [15675.57983206]
  [15665.37007613]
  [18052.46351364]]

 [[18528.33955777]
  [15980.83155011]
  [15979.58946567]
  [15977.65415622]
  [15974.94107449]
  [15971.34085681]
  [15966.7220521 ]
  [15960.93434735]
  [15953.81218005]
  [18393.51205769]]

 [[18820.54543528]
  [16221.34747902]
  [16221.53210046]
  [16221.69958273]
  [16221.72190138]
  [16221.43373487]
  [16220.63680125]
  [16219.10495635]
  [16216.58986581]
  [18701.60690388]]

 [[19059.33740504]
  [16420.70740479]
  [16422.93388674]
  [16426.10935808]
  [16430.0420291 ]
  [16434.48477877]
  [16439.14204609]
  [16443.67788159]
  [16447.72483623]
  [18967.18539007]]

 [[19232.2373356 ]
  [16572.05225526]
  [16577.09788042]
  [16584.42258306]
  [16593.74237349]
  [16604.69230908]
  [16616.83740514]
  [16629.68529238]
  [16642.700068  ]
  [19180.98545188]]

 [[19328.68979131]
  [16672.08707067]
  [16680.87920673]
  [16693.71080599]
  [16710.16741633]
  [16729.71811924]
  [16751.73264935]
  [16775.50109518]
  [16800.25524245]
  [19335.55003807]]

 [[19343.16162707]
  [16724.36986569]
  [16737.91766352]
  [16757.72752671]
  [16783.20630956]
  [16813.59691552]
  [16848.00471764]
  [16885.42769089]
  [16924.7886925 ]
  [19427.34317095]]

 [[19279.20177049]
  [16743.33991885]
  [16762.57105058]
  [16790.70241752]
  [16826.90769729]
  [16870.13636157]
  [16919.15338074]
  [16972.58406555]
  [17028.96151979]
  [19459.17622464]]

 [[18127.85358004]
  [15733.40659902]
  [15761.15836116]
  [15801.80989929]
  [15854.23673429]
  [15917.01410765]
  [15988.4742114 ]
  [16066.77021361]
  [16149.94321506]
  [18466.28018074]]]
1.923719708614749e-18
