[[[ -86572.04142819]
  [ -97507.58946167]
  [ -64057.55222467]
  [ -43119.3444111 ]
  [ -25047.5187575 ]]

 [[-111523.41146468]
  [ -57185.10170607]
  [ -49819.67388984]
  [ -41928.7182986 ]
  [ -44621.43470926]]

 [[-121989.31428323]
  [ -85120.28859559]
  [ -72467.40061029]
  [ -59264.52839326]
  [ -62814.09840553]]

 [[ -93640.83616944]
  [ -70479.53010248]
  [ -63412.23982164]
  [ -55104.2431218 ]
  [ -60720.86424861]]

 [[ -62644.23240318]
  [ -47088.03694097]
  [ -44374.05196327]
  [ -40835.48991764]
  [ -48609.96400812]]]
[[[ -74149.75104357]
  [ -78743.71299184]
  [ -65984.43591377]
  [ -55644.98454938]
  [ -35649.07968942]]

 [[-205361.22629258]
  [-194415.81696084]
  [-159609.60124619]
  [-128552.48102365]
  [ -94928.32122687]]

 [[-236698.5755184 ]
  [-220003.96731789]
  [-193141.34711202]
  [-163709.99612098]
  [-136499.41822696]]

 [[-214628.60313344]
  [-189588.80061684]
  [-174013.36576646]
  [-155126.08637672]
  [-144445.76213527]]

 [[-172382.5490908 ]
  [-150975.45800998]
  [-142535.596893  ]
  [-131577.01042153]
  [-131083.7102187 ]]]
[[[ -19624.26792959]
  [ -29016.10095706]
  [ -28255.21111738]
  [ -27199.37765219]
  [ -17341.61428505]]

 [[ -57801.87886158]
  [ -66381.36651734]
  [ -62970.64287156]
  [ -58645.26915213]
  [ -45239.18565136]]

 [[-123690.90155638]
  [-127524.04189323]
  [-117631.88103287]
  [-105980.70265539]
  [ -86798.39287764]]

 [[-173613.20240498]
  [-171747.67665187]
  [-159327.67062531]
  [-144056.40774407]
  [-124383.63611792]]

 [[-184595.87891452]
  [-176371.43549442]
  [-166387.54283111]
  [-153432.46147349]
  [-141006.86921785]]]
[[[ -11153.9102599 ]
  [ -17947.70028773]
  [ -17743.65783566]
  [ -17446.58696444]
  [ -10608.60987542]]

 [[ -24614.4177474 ]
  [ -31692.16095726]
  [ -31165.39898109]
  [ -30411.40459586]
  [ -22721.14482125]]

 [[ -46750.16235614]
  [ -53576.15398873]
  [ -52275.62457728]
  [ -50459.05463186]
  [ -41543.62175006]]

 [[ -79365.78164097]
  [ -84802.41875582]
  [ -81987.76104118]
  [ -78159.02558947]
  [ -67663.64442898]]

 [[-115035.73929729]
  [-117626.14408282]
  [-113133.52194157]
  [-107082.97538706]
  [ -95889.97505601]]]
[[[ -6800.41137803]
  [-12081.67258368]
  [-12001.86401872]
  [-11884.14108048]
  [ -6614.20483139]]

 [[-11273.00094866]
  [-16812.75803677]
  [-16664.35110896]
  [-16446.81165092]
  [-10814.69263367]]

 [[-17939.80407569]
  [-23612.49597818]
  [-23331.45291908]
  [-22923.0264828 ]
  [-16921.41571914]]

 [[-27598.83974484]
  [-33134.16370387]
  [-32604.81503531]
  [-31844.11301045]
  [-25492.61697394]]

 [[-40425.29308472]
  [-45336.27668283]
  [-44397.65119242]
  [-43065.52467219]
  [-36487.2461623 ]]]
-1.22697325254e-18
