[[[371932.50632867]
  [322414.56763937]
  [234065.1523888 ]
  [179167.97442473]
  [142126.13486719]]

 [[683528.90177065]
  [570156.22751447]
  [425173.2326565 ]
  [318304.46762884]
  [241996.37373335]]

 [[278622.34216367]
  [272486.29237401]
  [245749.27263765]
  [211527.03176525]
  [175816.68948098]]

 [[110604.73998831]
  [110980.57076227]
  [106472.00238017]
  [100014.13633805]
  [ 90833.03905695]]

 [[ 46164.47352234]
  [ 47353.0362607 ]
  [ 46808.94372108]
  [ 45856.45708771]
  [ 43459.75950994]]]
[[[ 50044.79265936]
  [ 84704.85309409]
  [105375.05995498]
  [110468.76612746]
  [105416.21069033]]

 [[419404.09420504]
  [383225.43314771]
  [325593.77504423]
  [271075.91954914]
  [223654.59667434]]

 [[431392.78108123]
  [410598.1552992 ]
  [363134.57606163]
  [310774.61137376]
  [260180.26007393]]

 [[307838.19474194]
  [299882.09793275]
  [275810.52930228]
  [246686.59818097]
  [214990.86997275]]

 [[172027.40576028]
  [170547.06034139]
  [162004.67398409]
  [150628.80051115]
  [136220.60280233]]]
[[[  5759.49354073]
  [  8033.13473723]
  [ 10304.14253856]
  [ 13096.86732508]
  [ 15187.51173863]]

 [[ 25395.02739885]
  [ 29486.08874668]
  [ 33664.14343332]
  [ 37990.92614266]
  [ 40476.28295028]]

 [[ 94295.7899803 ]
  [ 96730.2154048 ]
  [ 96345.884895  ]
  [ 94466.9600956 ]
  [ 89703.65215073]]

 [[185233.80450743]
  [182218.85580375]
  [171610.27588486]
  [158141.77163362]
  [142090.03844327]]

 [[176724.58477392]
  [174547.66935863]
  [165012.58576841]
  [152635.9566997 ]
  [137430.36750348]]]
[[[ 2285.19011527]
  [ 2994.19884786]
  [ 3433.61760452]
  [ 4045.31995055]
  [ 4361.12104291]]

 [[ 6546.25516537]
  [ 7575.22724768]
  [ 8326.05401947]
  [ 9337.77725886]
  [ 9972.34781835]]

 [[15411.92599563]
  [16827.39165681]
  [17878.38976383]
  [19213.6861856 ]
  [19962.01827412]]

 [[37192.5267704 ]
  [38697.4930964 ]
  [39354.87162316]
  [40035.23259655]
  [39696.89148156]]

 [[61284.83150729]
  [62227.49157348]
  [61315.30460283]
  [59921.1718796 ]
  [57096.44250354]]]
[[[ 1217.32033915]
  [ 1550.44570608]
  [ 1650.69527115]
  [ 1794.50769729]
  [ 1714.35178144]]

 [[ 2896.7052731 ]
  [ 3325.20900305]
  [ 3483.24212368]
  [ 3706.99764419]
  [ 3667.42425691]]

 [[ 5058.88802057]
  [ 5606.74202661]
  [ 5829.84082338]
  [ 6139.2665356 ]
  [ 6126.50854228]]

 [[ 9468.55921641]
  [10148.49116927]
  [10413.86245798]
  [10768.73048019]
  [10706.85627227]]

 [[12825.93888064]
  [13617.52765483]
  [13842.57041914]
  [14123.69124279]
  [13853.45121375]]]
1.82105095983e-18
