[[[ -353206.14529192 -3741404.99320318  2399473.48381809]
  [ 2417033.26591404 -2475277.42726423   888433.09471763]
  [ 2471933.14158747 -1637304.49387502   135499.83055287]
  [ 2251614.50447795 -1062299.96128712  -270790.34265233]
  [ 1992185.97002866  -664051.15683255  -496074.61145968]
  [ 1747837.77640807  -383953.16744695  -622175.68532998]
  [ 1532010.3240149   -184880.56948704  -690433.04054999]
  [ 1345853.10204317   -42384.35884067  -723737.00648395]
  [ 1186617.99314807    60033.78885825  -735472.95803826]
  [ 1069935.00451768   185789.47920502  -811877.34681981]]

 [[ -793478.35246123  6284270.28662839   -11994.65062308]
  [ 1259374.05336532  5136787.39820933  -466997.4346139 ]
  [ 1498548.38773298  4248178.56405382  -706803.17346296]
  [ 1467074.5802845   3573323.57120123  -863106.18376337]
  [ 1339726.47882765  3081779.60898161  -943404.04511503]
  [ 1190352.10658319  2714678.20828997  -973501.0739591 ]
  [ 1046730.40950522  2430748.72275234  -973109.74334735]
  [  918020.84711775  2203862.21768459  -954989.89596146]
  [  806010.22343139  2017509.90888191  -927024.9027143 ]
  [  744838.96859237  1762496.23504993  -967905.95481999]]

 [[ -814083.98738126  3966076.76189846 -2061205.02012958]
  [  -67480.36166402  3785594.71951293 -1969933.96362865]
  [    7164.1084162   3633717.97138144 -1799487.59756305]
  [  104526.16360063  3396164.14226434 -1641669.80626274]
  [  179903.40384462  3123045.8708213  -1506310.75481259]
  [  224483.6373105   2851732.125713   -1390353.03314225]
  [  243947.28762495  2600755.19275596 -1289494.67637723]
  [  246507.27362098  2376495.74179009 -1200508.48254859]
  [  238939.73491087  2179252.9348933  -1121208.4774457 ]
  [  334647.80862967  1830978.49747626 -1102824.48012008]]

 [[ -587542.2730102   2534914.33654321 -2136129.87846235]
  [ -195882.31064555  2467211.7216362  -2086207.51977797]
  [ -280044.87334425  2444019.07491058 -1978872.92829192]
  [ -319041.36922703  2396704.37025013 -1846496.0320523 ]
  [ -322553.284385    2323803.64125384 -1706972.52520318]
  [ -304170.50536558  2230228.36148355 -1571703.43172498]
  [ -275217.35207683  2123591.23971531 -1446433.1656203 ]
  [ -243118.55452204  2011185.19765007 -1333250.6015864 ]
  [ -211993.24808929  1898625.21980388 -1232257.56539248]
  [  -19692.22011323  1614053.88949598 -1175548.67248698]]

 [[ -455445.32131033  1580230.87392935 -1941776.97914856]
  [ -202398.5368672   1551066.0670308  -1908637.93238107]
  [ -312714.28715925  1557308.94703557 -1838916.64042105]
  [ -393409.16019548  1560734.50686946 -1746580.72903876]
  [ -443402.05847302  1557320.39413603 -1641662.47859622]
  [ -466434.19001137  1544695.15920174 -1532677.25701868]
  [ -468531.84280581  1522361.87668256 -1425711.27049521]
  [ -455982.53307194  1491255.83993843 -1324491.11734847]
  [ -434206.95948798  1453102.39755241 -1230908.48961458]
  [ -222001.20953032  1262606.64413301 -1165697.83255097]]

 [[ -364557.94939276   939963.81647298 -1633705.73316885]
  [ -170869.88056124   927678.2507695  -1613482.09719934]
  [ -270978.38108688   944084.30360363 -1570977.07519519]
  [ -353261.73988823   964812.68269338 -1512801.453763  ]
  [ -415228.39793313   986487.59473396 -1443998.43558703]
  [ -457088.37568176  1006098.61023127 -1369368.78450005]
  [ -480940.1284693   1021447.30694545 -1292877.6669903 ]
  [ -489866.57473469  1031269.25457001 -1217448.5272069 ]
  [ -487205.00604604  1035128.37775638 -1145021.89783276]
  [ -290226.7363021    916032.83754568 -1089293.99926742]]

 [[ -298196.60111714   565650.00986896 -1324109.7510153 ]
  [ -131479.48359996   559323.22066104 -1313110.62906569]
  [ -211840.07673502   575073.62994646 -1289477.32068503]
  [ -282339.71667194   596476.06512541 -1256223.65190681]
  [ -340881.80003822   621384.59617911 -1215509.18094867]
  [ -386641.94816197   647610.07422583 -1169600.9247117 ]
  [ -419880.00653794   673210.73371302 -1120607.13692525]
  [ -441635.71129306   696663.13060349 -1070315.63717202]
  [ -453408.57333779   716918.07498803 -1020130.77315162]
  [ -279757.7085904    640883.11692936  -979242.13998827]]

 [[ -249772.3073429    360010.01093342 -1076913.04637676]
  [  -99147.77057171   355544.76782409 -1070968.80655816]
  [ -161383.9973278    367520.03908554 -1057836.24941884]
  [ -218231.15812619   384342.90038672 -1038986.6253543 ]
  [ -268259.63303064   404836.8698348  -1015308.42176451]
  [ -310600.5759988    427699.38017331  -987804.624121  ]
  [ -344927.93784743   451645.55815969  -957493.72046551]
  [ -371379.4334433    475519.67289613  -925331.60197276]
  [ -390445.01815167   498364.79516179  -892160.49994814]
  [ -237562.4433976    445832.70556386  -864205.26607288]]

 [[ -213972.98940705   243807.80871859  -893019.31797491]
  [  -75668.69156362   240095.57948758  -889647.87563411]
  [ -123971.65380954   248682.80157574  -881991.55013919]
  [ -169223.43375275   260980.73412273  -870858.95519942]
  [ -210505.39135746   276361.45984773  -856633.47744956]
  [ -247149.97684318   294092.35976946  -839769.28549597]
  [ -278753.22563469   313400.98843526  -820755.61898235]
  [ -305161.04675304   333533.45014972  -800084.19441232]
  [ -326436.31670525   353800.2821652   -778222.90691924]
  [ -189777.02360865   314194.92168365  -759471.95542636]]

 [[ -198040.11671456   176575.03560844  -790226.80505917]
  [  -92463.11441228   175203.8022618   -788017.3033258 ]
  [ -152254.20953117   185035.37423423  -782932.73259424]
  [ -209369.12590046   199323.8119006   -775477.63766768]
  [ -262927.28586312   217558.49961981  -765844.20848371]
  [ -312214.92034814   239119.51060947  -754267.5522605 ]
  [ -356704.1466195    263319.29851518  -741011.20880803]
  [ -396057.09128365   289444.26510525  -726352.67608347]
  [ -430116.96622197   316792.32481838  -710570.25610699]
  [ -317415.18295475   296038.73926533  -696739.7237971 ]]]
[[[ -903216.31983116 -1940968.69828043 -1095570.10232157]
  [ -787627.82542533 -1990766.12179981  -855393.08284851]
  [ -906156.19953365 -2044079.7426284   -562654.17418231]
  [ -864496.74822071 -2017426.50654512  -342298.57392113]
  [ -760507.24285665 -1936660.01078216  -189795.85413119]
  [ -640897.70475883 -1826596.40008031   -89214.72366418]
  [ -527130.32462629 -1704508.33815293   -25644.52591928]
  [ -427726.99791677 -1581250.01287191    12753.78334875]
  [ -344704.43972629 -1463061.77220008    34628.42639137]
  [ -121891.23414566 -1206549.29503859   -63965.2118674 ]]

 [[ -805127.76234738 -2232160.46237748   800468.2256785 ]
  [ -102542.30213706 -1935961.08292701   724546.96444226]
  [  -35337.90691553 -1624879.93773746   723140.68292995]
  [   66985.83201837 -1323552.29984701   673921.75600337]
  [  154121.62852937 -1064624.53741726   596752.70012589]
  [  212259.65509009  -853204.94717384   512081.52477777]
  [  244156.11343828  -684745.41042313   431848.82309561]
  [  256805.36741195  -551999.43514677   361154.40192029]
  [  256767.73292301  -447757.56516332   301218.93956206]
  [  362383.39649994  -263270.34215136    97631.31220937]]

 [[ -690142.32727317  -581679.68793719  1989251.90537424]
  [  475174.21082264  -543521.24616978  1635452.4876489 ]
  [  648198.76640002  -479397.47744633  1361627.04798221]
  [  706596.69471254  -405341.6426479   1082212.30296544]
  [  692791.1648569   -333602.16195101   842454.46490778]
  [  643687.31184861  -270548.52938114   652487.2111098 ]
  [  581812.24398653  -218106.18967945   507065.7786831 ]
  [  518774.00691654  -175799.55148014   397079.41271991]
  [  459837.00540475  -142194.48638768   313962.37132921]
  [  496708.53655178  -115667.97695369    75329.56417216]]

 [[ -636177.89497733  1097403.58116784   980091.80630196]
  [  303642.20426978   950806.22111547   815095.40843715]
  [  443853.12854401   826196.56955353   716183.38452335]
  [  520708.04931624   685940.54870202   601390.67841276]
  [  544814.63383323   553926.93095895   490383.32262029]
  [  533454.25956919   441160.72999425   393533.68281128]
  [  502094.17148377   349824.90309259   313848.86587804]
  [  461642.80363858   277873.876325     250355.74388776]
  [  418790.21362694   221907.3050855    200558.24809113]
  [  490597.26522567    75993.6067363      7924.80161719]]

 [[ -532528.04540352   987751.31492656    51297.59572945]
  [   74074.50818804   900858.33851176    17318.23787294]
  [  122616.66337904   845134.53665939    30456.60325247]
  [  166302.50695135   770499.52166977    42395.81711428]
  [  200955.78793411   685797.7789173     50088.63202157]
  [  224469.08237838   599252.92727016    53119.2427363 ]
  [  237127.73934984   516885.25379397    52488.17067562]
  [  240714.76924615   442193.19676559    49521.4812691 ]
  [  237517.86630066   376628.96396202    45338.41198179]
  [  384905.62571559   173721.45323487   -69213.09486174]]

 [[ -422856.22749529   596734.78660343  -193876.88737318]
  [    2646.83149272   553072.62698195  -201859.61174074]
  [    8857.8630062    539114.58575321  -183165.80359467]
  [   19604.50877865   518009.94329015  -159577.7558795 ]
  [   33818.1768175    490392.40623109  -134497.21436078]
  [   49559.31827624   457651.56890463  -110518.46156614]
  [   64883.11645797   421643.09280783   -89173.44662322]
  [   78356.78886175   384279.22476251   -71082.87589226]
  [   89195.54999173   347211.96918326   -56256.92284547]
  [  278214.27038922   168617.01335479  -115908.24082092]]

 [[ -339604.53760177   344746.04085378  -203988.83496021]
  [  -11609.08765869   319800.96341048  -207149.97505827]
  [  -16593.07223345   317896.63680804  -196077.64634385]
  [  -18183.13019328   314283.9124797   -181115.46871601]
  [  -16196.74562595   308428.46822521  -163770.04323145]
  [  -11097.06137259   300029.39724333  -145480.71650893]
  [   -3739.59268954   289102.48094125  -127419.90121952]
  [    4898.32596766   275951.8616228   -110412.26503493]
  [   13921.29572855   261075.09503398   -94947.26175276]
  [  209924.98304538   123020.36267012  -127005.00310699]]

 [[ -279961.06822277   208238.87789356  -166195.04559938]
  [  -11691.70453799   191986.8445583   -168153.53471269]
  [  -18067.21901117   192728.65297577  -162290.7896756 ]
  [  -22565.04897445   193395.4617029   -154084.77939286]
  [  -24864.95763141   193580.47315187  -144125.37498544]
  [  -24941.93979011   192906.40966997  -133043.07864918]
  [  -23015.5641461    191094.42046473  -121432.29935335]
  [  -19467.30217904   187998.88981958  -109798.64692534]
  [  -14752.79529813   183608.81728975   -98533.18938681]
  [  172558.00065571    78591.26454761  -117739.62868166]]

 [[ -236762.98776722   134023.81280115  -128977.93322425]
  [   -9301.99082127   122455.49956434  -130386.30453695]
  [  -14773.09622964   123491.36648572  -127230.29974207]
  [  -19240.04974808   124820.80445627  -122720.35454976]
  [  -22465.04040436   126218.62308728  -117093.63697676]
  [  -24336.503694     127445.96401892  -110620.92717269]
  [  -24863.54186634   128283.39634335  -103579.92415557]
  [  -24155.04239336   128555.7756573    -96232.67289788]
  [  -22390.28714585   128146.11804097   -88809.45235295]
  [  151613.21758213    46764.37783104  -101558.28911245]]

 [[ -221221.16315445   128345.17281995  -250085.74865334]
  [  -56581.66259638   122886.51638759  -249893.09040443]
  [  -92558.12035372   130075.73641388  -245674.75694662]
  [ -126054.63565378   140348.14964139  -239570.10371529]
  [ -156333.03985356   153153.8593123   -231821.9778312 ]
  [ -182866.50279369   167853.12931143  -222717.85962029]
  [ -205349.97204914   183774.57660686  -212566.67568338]
  [ -223688.12062076   200267.58402493  -201677.28964494]
  [ -237966.61186436   216743.35846693  -190340.85596512]
  [  -88983.02753829   167644.55784466  -192759.07106135]]]
[[[-385599.2700665  -588332.8804146  -577816.99194532]
  [-180878.54507578 -583083.17923657 -569944.29246469]
  [-282661.38832345 -608937.49248394 -530594.26735586]
  [-361076.32690205 -640842.94866013 -478884.62966435]
  [-414162.2310057  -673341.14349912 -420940.50624612]
  [-443678.9124634  -702075.62586963 -362061.15336473]
  [-453550.62124554 -724328.91025834 -306073.90938363]
  [-448448.42863681 -738935.39718428 -255284.4486918 ]
  [-432841.4227829  -745891.5686284  -210753.54214683]
  [-223555.89734332 -642396.28236737 -243250.44142552]]

 [[-435793.29277558 -333559.17438928 -138807.7878528 ]
  [-127284.89030219 -319089.41950925 -134556.4381599 ]
  [-182368.12907843 -335478.40247756  -87816.29830188]
  [-206800.03785001 -350063.99014114  -35228.96143332]
  [-205282.84114487 -357800.86924299   13200.65392918]
  [-186202.18981264 -356860.88603413   52238.67782455]
  [-157630.61165753 -347821.05539659   80521.32024441]
  [-125665.71402266 -332450.43168431   98913.78863342]
  [ -94250.51112576 -312810.20801954  109211.9134394 ]
  [ 119365.2550676  -181252.80580596   10706.28145938]]

 [[-515036.08095658 -824220.40888573   -4319.58320034]
  [-119533.8186443  -775691.38573652   -4756.29620951]
  [-155667.10274262 -737556.87741679   58225.14897859]
  [-154077.66837673 -686210.99937575  119221.9794342 ]
  [-127438.12298842 -626860.65508082  165012.86817086]
  [ -89453.90674032 -564333.35670048  192521.58823955]
  [ -49862.65036314 -502442.89234612  204192.94354791]
  [ -14059.40262035 -443802.07612139  204218.96705921]
  [  15693.97921522 -389937.17863111  196621.18583237]
  [ 212437.30922457 -246794.98375701   42467.25302945]]

 [[-529232.34634528 -903416.99538074  636489.04153886]
  [  34438.68886854 -846685.51510101  563417.25451312]
  [  63634.45828982 -777316.37241049  544864.23285641]
  [  95843.93755969 -691694.11025421  514941.52124002]
  [ 126337.31958732 -601995.9567335   475394.12633089]
  [ 151246.68628294 -516397.43900121  429968.79360178]
  [ 168844.77833993 -439202.36853212  382679.22422107]
  [ 179208.6149819  -371976.6993266   336681.04929667]
  [ 183408.10621573 -314677.55627411  293968.12213136]
  [ 341897.48374468 -219694.35902417   80159.42284104]]

 [[-504424.68050932 -173371.99269599  936875.36237773]
  [ 138483.7322976  -176954.64521014  831660.31076014]
  [ 212408.09937959 -166382.93446333  767914.07266762]
  [ 264931.86103865 -152379.94833219  687158.44677834]
  [ 296166.96762958 -136548.27196349  600443.6357887 ]
  [ 309521.36372711 -120309.40837268  516049.75531596]
  [ 309579.34780002 -104710.11492491  438892.98387521]
  [ 300693.20153471  -90391.00441108  371139.7494649 ]
  [ 286368.86701699  -77654.76150206  313153.92128806]
  [ 425373.07475106  -90727.55567003   83109.08664902]]

 [[-458831.82819847  424680.92229084  595714.50971138]
  [ 108370.86625606  383923.3796194   527884.02239253]
  [ 169175.93475535  358125.58304924  494969.78770174]
  [ 215801.52821512  324553.27227765  451642.93446109]
  [ 247166.02060421  287381.94063294  403013.61638743]
  [ 264508.65332038  250085.05926633  353512.46050759]
  [ 270376.03916945  215025.00019784  306315.88512208]
  [ 267694.56091455  183493.43949439  263299.60154988]
  [ 259169.49272626  155969.78192724  225290.98285377]
  [ 415311.49674103   49776.95973827   37460.33224165]]

 [[-398479.51203091  523049.34933479  196541.027501  ]
  [  50146.26366492  485305.26190857  165246.54198661]
  [  80780.65347137  465022.46809011  160643.28314959]
  [ 107500.55494189  437079.96589333  153832.50751464]
  [ 129319.1929811   403880.15639542  145092.96033435]
  [ 145782.99279212  367866.0410843   134892.81302626]
  [ 156967.20442299  331183.97699183  123808.17025838]
  [ 163361.24594527  295495.19101844  112413.03790484]
  [ 165702.21206815  261931.93841489  101194.04944234]
  [ 346906.64219534  123466.32188922  -24868.67152829]]

 [[-338127.74569624  412385.43868812   -8462.56448072]
  [  16591.8339198   385863.21736012  -22712.58405483]
  [  27725.29217928  376420.7841842   -19019.06146037]
  [  38792.83262493  362839.5429535   -14205.24484056]
  [  49516.12311365  345785.17656037   -8908.9138076 ]
  [  59525.96093612  326068.2261512    -3703.13251867]
  [  68454.95079579  304563.66902297     990.71695165]
  [  76016.7123865   282124.8789303     4927.37539116]
  [  82048.03717302  259512.13398753    8016.53390374]
  [ 273844.12089756  130462.07011745  -69884.05422492]]

 [[-286786.951882    288312.19379101  -79472.37653303]
  [   2723.51231895  270102.21157374  -86806.91500027]
  [   5075.77763252  266560.99199873  -82715.81418773]
  [   8101.87531383  261275.90700397  -77052.47276429]
  [  11851.36710684  254314.02585564  -70283.64891464]
  [  16233.33328396  245803.32852334  -62897.11463734]
  [  21052.55864854  235938.1710974   -55338.17154513]
  [  26060.17774783  224969.79415712  -47968.70531956]
  [  31002.48700644  213185.66341323  -41050.4114137 ]
  [ 219403.78269146  106139.62745385  -89407.7516509 ]]

 [[-268356.7752388   387578.75296281 -431031.36720044]
  [ -68853.42230539  378713.84749047 -431102.99143569]
  [-111574.29174269  385547.87006918 -419939.03678626]
  [-149896.46530479  394933.48012033 -404088.99695436]
  [-182725.24446454  405999.71200156 -384479.2862889 ]
  [-209467.94456257  417813.89167407 -362139.09021904]
  [-230004.26769732  429498.45920544 -338089.69624693]
  [-244600.85118723  440314.78578827 -313259.26354509]
  [-253799.47458805  449707.55492696 -288430.02689987]
  [ -83442.30201902  377132.15903025 -301801.34672058]]]
[[[-2.51658525e+05 -3.18175442e+05 -3.71980174e+05]
  [-7.43051935e+04 -3.12467912e+05 -3.73106904e+05]
  [-1.20683495e+05 -3.20369484e+05 -3.62788950e+05]
  [-1.62658143e+05 -3.31382780e+05 -3.48113929e+05]
  [-1.99070022e+05 -3.44644058e+05 -3.29920292e+05]
  [-2.29229435e+05 -3.59201640e+05 -3.09151352e+05]
  [-2.52904153e+05 -3.74125327e+05 -2.86757073e+05]
  [-2.70254522e+05 -3.88591652e+05 -2.63614700e+05]
  [-2.81738676e+05 -4.01936852e+05 -2.40475819e+05]
  [-1.18961876e+05 -3.47545909e+05 -2.61339549e+05]]

 [[-2.71122731e+05 -9.86367478e+04 -4.97328510e+04]
  [-3.57076482e+04 -8.94659890e+04 -5.54974354e+04]
  [-5.64820405e+04 -9.46175727e+04 -4.81656451e+04]
  [-7.32257348e+04 -1.01396735e+05 -3.81995621e+04]
  [-8.52047486e+04 -1.08912754e+05 -2.65883046e+04]
  [-9.22770901e+04 -1.16293137e+05 -1.43302586e+04]
  [-9.47869396e+04 -1.22813692e+05 -2.29565261e+03]
  [-9.34024408e+04 -1.27967214e+05  8.85175000e+03]
  [-8.89500571e+04 -1.31474758e+05  1.86761436e+04]
  [ 9.61282747e+04 -5.89726293e+04 -3.30487345e+04]]

 [[-3.13950576e+05 -2.05353366e+05 -7.37161924e+04]
  [-4.75812811e+04 -1.93623522e+05 -8.07791634e+04]
  [-7.36390288e+04 -1.97507919e+05 -6.67315258e+04]
  [-9.25290180e+04 -2.01929656e+05 -4.83416008e+04]
  [-1.03502613e+05 -2.05731154e+05 -2.79512865e+04]
  [-1.07007798e+05 -2.07966948e+05 -7.66749017e+03]
  [-1.04280335e+05 -2.08058139e+05  1.09376461e+04]
  [-9.69023574e+04 -2.05807493e+05  2.69057378e+04]
  [-8.64585699e+04 -2.01325144e+05  3.98198446e+04]
  [ 1.10658973e+05 -1.16343200e+05 -3.28423316e+04]]

 [[-3.57631895e+05 -3.85030239e+05 -3.29922407e+04]
  [-4.86770154e+04 -3.67713227e+05 -4.40689999e+04]
  [-7.28914162e+04 -3.62352678e+05 -2.43665980e+04]
  [-8.72933705e+04 -3.53894358e+05  1.22309503e+02]
  [-9.17324994e+04 -3.42234826e+05  2.54468827e+04]
  [-8.77719225e+04 -3.27591055e+05  4.85363741e+04]
  [-7.77796606e+04 -3.10479179e+05  6.75624383e+04]
  [-6.41774285e+04 -2.91598724e+05  8.18249624e+04]
  [-4.90064348e+04 -2.71698152e+05  9.14246204e+04]
  [ 1.53565358e+05 -1.78048578e+05 -1.32118635e+04]]

 [[-3.87860066e+05 -5.26883232e+05  1.69473484e+05]
  [-1.89877197e+04 -5.04595163e+05  1.44455139e+05]
  [-2.55990686e+04 -4.84886106e+05  1.54643702e+05]
  [-2.54268653e+04 -4.57885783e+05  1.65856169e+05]
  [-1.90000767e+04 -4.25939554e+05  1.75248508e+05]
  [-8.08467845e+03 -3.91322075e+05  1.80991026e+05]
  [ 5.19111476e+03 -3.55961213e+05  1.82421500e+05]
  [ 1.89557259e+04 -3.21323337e+05  1.79775335e+05]
  [ 3.18656516e+04 -2.88414948e+05  1.73792871e+05]
  [ 2.28850931e+05 -2.05459222e+05  2.78691121e+04]]

 [[-3.94543706e+05 -4.03541857e+05  4.41176182e+05]
  [ 3.01316648e+04 -3.90145884e+05  3.97810843e+05]
  [ 4.96456881e+04 -3.71743897e+05  3.86211154e+05]
  [ 6.80435397e+04 -3.46908718e+05  3.69502708e+05]
  [ 8.46068781e+04 -3.18101262e+05  3.48594208e+05]
  [ 9.86794697e+04 -2.87611116e+05  3.24660447e+05]
  [ 1.09835612e+05 -2.57263234e+05  2.98975968e+05]
  [ 1.17947098e+05 -2.28329341e+05  2.72736239e+05]
  [ 1.23152602e+05 -2.01576101e+05  2.46930763e+05]
  [ 3.09193454e+05 -1.62708675e+05  6.82973597e+04]]

 [[-3.80597297e+05 -6.63750367e+04  5.18368530e+05]
  [ 5.55170163e+04 -7.18128161e+04  4.71858837e+05]
  [ 8.85807036e+04 -6.91049600e+04  4.52011178e+05]
  [ 1.16448810e+05 -6.53541719e+04  4.24812747e+05]
  [ 1.38247312e+05 -6.08616550e+04  3.92676027e+05]
  [ 1.53859923e+05 -5.59364419e+04  3.57982766e+05]
  [ 1.63747501e+05 -5.08556664e+04  3.22769015e+05]
  [ 1.68716816e+05 -4.58415435e+04  2.88574890e+05]
  [ 1.69712722e+05 -4.10542220e+04  2.56431223e+05]
  [ 3.51656331e+05 -6.52512588e+04  7.64886558e+04]]

 [[-3.52141652e+05  2.01762035e+05  3.77091663e+05]
  [ 4.79587796e+04  1.84533733e+05  3.42319624e+05]
  [ 7.69407802e+04  1.77256693e+05  3.29668869e+05]
  [ 1.01909186e+05  1.67207575e+05  3.12103427e+05]
  [ 1.22066620e+05  1.55220337e+05  2.91002606e+05]
  [ 1.37166358e+05  1.42143384e+05  2.67796054e+05]
  [ 1.47420481e+05  1.28728469e+05  2.43780465e+05]
  [ 1.53355518e+05  1.15568525e+05  2.20008381e+05]
  [ 1.55663897e+05  1.03081154e+05  1.97248812e+05]
  [ 3.41639709e+05  3.00944270e+04  4.69998145e+04]]

 [[-3.16051663e+05  2.92622440e+05  1.89462588e+05]
  [ 2.93193889e+04  2.73828062e+05  1.67900559e+05]
  [ 4.75988292e+04  2.66072076e+05  1.63684349e+05]
  [ 6.41093685e+04  2.55099593e+05  1.57654669e+05]
  [ 7.83836851e+04  2.41592320e+05  1.50130786e+05]
  [ 9.01468862e+04  2.26303008e+05  1.41484441e+05]
  [ 9.93147314e+04  2.09970994e+05  1.32102328e+05]
  [ 1.05967606e+05  1.93257626e+05  1.22351375e+05]
  [ 1.10309507e+05  1.76707551e+05  1.12552434e+05]
  [ 2.99687940e+05  8.41164688e+04  2.40383976e+03]]

 [[-3.00038230e+05  8.12233846e+05 -3.81798823e+05]
  [-4.73511324e+04  7.97071949e+05 -3.87810145e+05]
  [-7.61433401e+04  7.93438817e+05 -3.74861889e+05]
  [-1.01179894e+05  7.87856715e+05 -3.56752200e+05]
  [-1.21663282e+05  7.80238474e+05 -3.34787438e+05]
  [-1.37290987e+05  7.70555127e+05 -3.10352257e+05]
  [-1.48188393e+05  7.58864402e+05 -2.84740401e+05]
  [-1.54791050e+05  7.45316474e+05 -2.59043096e+05]
  [-1.57715750e+05  7.30140164e+05 -2.34098677e+05]
  [ 2.55608148e+04  6.35746446e+05 -2.84822893e+05]]]
[[[-1.87499104e+05 -2.13323168e+05 -2.71892463e+05]
  [-3.96612817e+04 -2.09147972e+05 -2.73617343e+05]
  [-6.51941148e+04 -2.12416629e+05 -2.69617830e+05]
  [-8.94170254e+04 -2.17133681e+05 -2.63787229e+05]
  [-1.11904686e+05 -2.23093321e+05 -2.56313686e+05]
  [-1.32318328e+05 -2.30047425e+05 -2.47426318e+05]
  [-1.50415446e+05 -2.37723507e+05 -2.37380186e+05]
  [-1.66051554e+05 -2.45842543e+05 -2.26441178e+05]
  [-1.79174973e+05 -2.54134920e+05 -2.14872204e+05]
  [-4.42900409e+04 -2.18363237e+05 -2.31201097e+05]]

 [[-1.97979074e+05 -4.57052656e+04 -2.35393876e+04]
  [-1.44912970e+04 -3.97670722e+04 -2.76218522e+04]
  [-2.35163976e+04 -4.14941122e+04 -2.55966629e+04]
  [-3.16429825e+04 -4.39269539e+04 -2.27072989e+04]
  [-3.86136378e+04 -4.68973157e+04 -1.91134409e+04]
  [-4.42555664e+04 -5.02115565e+04 -1.50008891e+04]
  [-4.84842439e+04 -5.36697788e+04 -1.05645014e+04]
  [-5.12977412e+04 -5.70829305e+04 -5.99267958e+03]
  [-5.27640992e+04 -6.02859965e+04 -1.45508824e+03]
  [ 1.02246741e+05 -1.36556757e+04 -3.42124992e+04]]

 [[-2.21375998e+05 -8.02104736e+04 -3.69792069e+04]
  [-1.87729507e+04 -7.33357267e+04 -4.22621764e+04]
  [-3.02342718e+04 -7.52322922e+04 -3.87865663e+04]
  [-4.02309058e+04 -7.78295759e+04 -3.38914143e+04]
  [-4.83873654e+04 -8.08733701e+04 -2.79088115e+04]
  [-5.44933379e+04 -8.40851281e+04 -2.12107935e+04]
  [-5.85003501e+04 -8.71956720e+04 -1.41688745e+04]
  [-6.04991550e+04 -8.99718688e+04 -7.12093253e+03]
  [-6.06855865e+04 -9.22334187e+04 -3.48909875e+02]
  [ 1.05451447e+05 -3.94890593e+04 -4.30013491e+04]]

 [[-2.47594371e+05 -1.38708040e+05 -4.45288569e+04]
  [-2.27293272e+04 -1.30633618e+05 -5.14727832e+04]
  [-3.62231084e+04 -1.31870812e+05 -4.59247776e+04]
  [-4.74617348e+04 -1.33413217e+05 -3.82463488e+04]
  [-5.59536646e+04 -1.34958259e+05 -2.90825217e+04]
  [-6.15070530e+04 -1.36200574e+05 -1.91206811e+04]
  [-6.42000119e+04 -1.36878529e+05 -9.00389555e+03]
  [-6.43169170e+04 -1.36803897e+05  7.29864955e+02]
  [-6.22717781e+04 -1.35872932e+05  9.67835264e+03]
  [ 1.14809480e+05 -7.69944071e+04 -4.66217898e+04]]

 [[-2.74503274e+05 -2.23556251e+05 -2.50525797e+04]
  [-2.32849405e+04 -2.13918549e+05 -3.46940302e+04]
  [-3.65577019e+04 -2.12626587e+05 -2.73516050e+04]
  [-4.68518745e+04 -2.10506877e+05 -1.74226507e+04]
  [-5.36519514e+04 -2.07415143e+05 -5.94332354e+03]
  [-5.68954352e+04 -2.03249313e+05  6.04689245e+03]
  [-5.68878505e+04 -1.97980279e+05  1.76515675e+04]
  [-5.41739991e+04 -1.91660592e+05  2.81996792e+04]
  [-4.94074700e+04 -1.84414341e+05  3.72662592e+04]
  [ 1.36834292e+05 -1.21367124e+05 -3.79243988e+04]]

 [[-2.97532741e+05 -3.06372173e+05  5.27261803e+04]
  [-1.55732518e+04 -2.95516547e+05  3.82275928e+04]
  [-2.37616617e+04 -2.89829973e+05  4.44522653e+04]
  [-2.91293001e+04 -2.81608586e+05  5.25694852e+04]
  [-3.13244060e+04 -2.71196733e+05  6.14712854e+04]
  [-3.04749684e+04 -2.59009985e+05  7.01186154e+04]
  [-2.70585729e+04 -2.45500621e+05  7.77011720e+04]
  [-2.17371492e+04 -2.31122099e+05  8.37040340e+04]
  [-1.52096782e+04 -2.16298155e+05  8.78965863e+04]
  [ 1.76236034e+05 -1.56130212e+05 -1.15824196e+04]]

 [[-3.11145730e+05 -3.15119701e+05  1.87536116e+05]
  [ 1.49212537e+03 -3.05892844e+05  1.66167988e+05]
  [ 3.49121439e+03 -2.97427067e+05  1.66642105e+05]
  [ 6.71463261e+03 -2.85487946e+05  1.66789757e+05]
  [ 1.11977457e+04 -2.70841222e+05  1.66146834e+05]
  [ 1.67178742e+04 -2.54313383e+05  1.64344782e+05]
  [ 2.28900435e+04 -2.36697359e+05  1.61185073e+05]
  [ 2.92760446e+04 -2.18687337e+05  1.56652293e+05]
  [ 3.54721203e+04 -2.00845123e+05  1.50881829e+05]
  [ 2.27444285e+05 -1.57509881e+05  2.67343026e+04]]

 [[-3.12454252e+05 -2.03277013e+05  3.04184246e+05]
  [ 1.92539452e+04 -2.00124429e+05  2.77801916e+05]
  [ 3.15709984e+04 -1.94069302e+05  2.71852608e+05]
  [ 4.31202326e+04 -1.85565241e+05  2.63270912e+05]
  [ 5.36267820e+04 -1.75191775e+05  2.52440663e+05]
  [ 6.28645212e+04 -1.63568559e+05  2.39825772e+05]
  [ 7.06770523e+04 -1.51281920e+05  2.25929660e+05]
  [ 7.69894969e+04 -1.38835303e+05  2.11252712e+05]
  [ 8.18078197e+04 -1.26625434e+05  1.96255379e+05]
  [ 2.71957958e+05 -1.14939414e+05  5.78896356e+04]]

 [[-3.02318804e+05 -2.85897089e+04  3.23778871e+05]
  [ 2.72731570e+04 -3.29703329e+04  2.97993197e+05]
  [ 4.42595034e+04 -3.21013528e+04  2.90165071e+05]
  [ 5.95881881e+04 -3.08689108e+04  2.79058247e+05]
  [ 7.28390746e+04 -2.93462900e+04  2.65329631e+05]
  [ 8.37770321e+04 -2.76146648e+04  2.49708471e+05]
  [ 9.23425730e+04 -2.57542668e+04  2.32917210e+05]
  [ 9.86217405e+04 -2.38376314e+04  2.15610460e+05]
  [ 1.02805743e+05 -2.19254793e+04  1.98337342e+05]
  [ 2.91433037e+05 -4.61478220e+04  6.41537218e+04]]

 [[-2.92799606e+05  9.18062984e+05  1.00630007e+04]
  [-2.01560562e+03  9.05735117e+05 -7.38045592e+03]
  [-3.16573433e+03  8.97164243e+05 -6.54873185e+03]
  [-4.05905009e+03  8.84754077e+05 -5.41821963e+03]
  [-4.65051444e+03  8.68984033e+05 -4.10227992e+03]
  [-4.93452943e+03  8.50412688e+05 -2.71631648e+03]
  [-4.93808265e+03  8.29629535e+05 -1.36148247e+03]
  [-4.70966450e+03  8.07213009e+05 -1.14818400e+02]
  [-4.30760529e+03  7.83698848e+05  9.73904344e+02]
  [ 1.80555218e+05  7.14289685e+05 -9.99778356e+04]]]
[[[-1.49607552e+05 -1.59222295e+05 -2.13779583e+05]
  [-2.44625730e+04 -1.56181914e+05 -2.15259033e+05]
  [-4.04226813e+04 -1.57814301e+05 -2.13328813e+05]
  [-5.58728913e+04 -1.60205191e+05 -2.10484311e+05]
  [-7.06334370e+04 -1.63288725e+05 -2.06783823e+05]
  [-8.45468692e+04 -1.66982406e+05 -2.02300816e+05]
  [-9.74819724e+04 -1.71191056e+05 -1.97120727e+05]
  [-1.09336185e+05 -1.75811126e+05 -1.91337463e+05]
  [-1.20036514e+05 -1.80735043e+05 -1.85049820e+05]
  [-4.21967736e+03 -1.54997685e+05 -1.97940819e+05]]

 [[-1.56204040e+05 -2.60739160e+04 -1.33040069e+04]
  [-7.25104525e+03 -2.20404146e+04 -1.60721914e+04]
  [-1.18899721e+04 -2.27602450e+04 -1.53074766e+04]
  [-1.62465453e+04 -2.38004507e+04 -1.41949470e+04]
  [-2.02274907e+04 -2.51167778e+04 -1.27734350e+04]
  [-2.37571492e+04 -2.66551533e+04 -1.10906634e+04]
  [-2.67798892e+04 -2.83551980e+04 -9.20033959e+03]
  [-2.92610339e+04 -3.01538643e+04 -7.15912590e+03]
  [-3.11863921e+04 -3.19888754e+04 -5.02374593e+03]
  [ 1.00866912e+05  5.81083865e+02 -2.75143766e+04]]

 [[-1.70811077e+05 -4.10168323e+04 -2.04220721e+04]
  [-9.03603433e+03 -3.64693934e+04 -2.39150828e+04]
  [-1.47652817e+04 -3.72993726e+04 -2.27194808e+04]
  [-2.00711671e+04 -3.84854782e+04 -2.09902344e+04]
  [-2.48198856e+04 -3.99629074e+04 -1.87984966e+04]
  [-2.89087065e+04 -4.16541097e+04 -1.62302473e+04]
  [-3.22692878e+04 -4.34748233e+04 -1.33801682e+04]
  [-3.48680393e+04 -4.53400434e+04 -1.03455134e+04]
  [-3.67038907e+04 -4.71693251e+04 -7.22056576e+03]
  [ 1.04097239e+05 -1.10090601e+04 -3.53447288e+04]]

 [[-1.87172057e+05 -6.45964450e+04 -2.72142988e+04]
  [-1.09686663e+04 -5.94861177e+04 -3.16510324e+04]
  [-1.78421869e+04 -6.03016031e+04 -2.98288934e+04]
  [-2.40913633e+04 -6.14435484e+04 -2.72132695e+04]
  [-2.95300042e+04 -6.28244892e+04 -2.39323443e+04]
  [-3.40258108e+04 -6.43427580e+04 -2.01377330e+04]
  [-3.75041105e+04 -6.58920999e+04 -1.59918483e+04]
  [-3.99459166e+04 -6.73705944e+04 -1.16559170e+04]
  [-4.13814398e+04 -6.86878959e+04 -7.27990880e+03]
  [ 1.08600831e+05 -2.88914218e+04 -4.26716539e+04]]

 [[-2.04935144e+05 -9.98091237e+04 -2.93901543e+04]
  [-1.25670406e+04 -9.40976083e+04 -3.50797694e+04]
  [-2.03210126e+04 -9.45776493e+04 -3.24693548e+04]
  [-2.71978034e+04 -9.52039159e+04 -2.87581838e+04]
  [-3.29548351e+04 -9.58789495e+04 -2.41644557e+04]
  [-3.74379978e+04 -9.64945559e+04 -1.89395207e+04]
  [-4.05838407e+04 -9.69447072e+04 -1.33435561e+04]
  [-4.24117175e+04 -9.71364516e+04 -7.62401934e+03]
  [-4.30088370e+04 -9.69975473e+04 -1.99924587e+03]
  [ 1.16252336e+05 -5.39334762e+04 -4.67927866e+04]]

 [[-2.23101971e+05 -1.46528853e+05 -1.81604487e+04]
  [-1.27956681e+04 -1.40238465e+05 -2.55761794e+04]
  [-2.05246158e+04 -1.39797692e+05 -2.22885647e+04]
  [-2.71426260e+04 -1.39071602e+05 -1.76719024e+04]
  [-3.23703534e+04 -1.37998328e+05 -1.20539058e+04]
  [-3.60576148e+04 -1.36517514e+05 -5.80054536e+03]
  [-3.81802073e+04 -1.34581803e+05  7.24480246e+02]
  [-3.88214613e+04 -1.32164954e+05  7.19278913e+03]
  [-3.81447385e+04 -1.29265623e+05  1.33333648e+04]
  [ 1.29851396e+05 -8.42605318e+04 -4.35266532e+04]]

 [[-2.39779438e+05 -1.94760570e+05  1.84498025e+04]
  [-1.01531388e+04 -1.88168463e+05  8.61182683e+03]
  [-1.60751286e+04 -1.86168816e+05  1.18090664e+04]
  [-2.08415894e+04 -1.83208071e+05  1.62218493e+04]
  [-2.41939851e+04 -1.79336768e+05  2.14619426e+04]
  [-2.60263767e+04 -1.74626494e+05  2.71105097e+04]
  [-2.63741144e+04 -1.69169648e+05  3.27704057e+04]
  [-2.53843643e+04 -1.63076574e+05  3.81050516e+04]
  [-2.32780742e+04 -1.56470374e+05  4.28602444e+04]
  [ 1.51951627e+05 -1.12792210e+05 -2.87994122e+04]]

 [[-2.52393313e+05 -2.19512483e+05  8.51905554e+04]
  [-3.74685286e+03 -2.13519414e+05  7.22522521e+04]
  [-5.62546415e+03 -2.09992892e+05  7.39093453e+04]
  [-6.67549542e+03 -2.04885918e+05  7.60921408e+04]
  [-6.74112021e+03 -1.98398117e+05  7.85037587e+04]
  [-5.79275728e+03 -1.90766381e+05  8.08382047e+04]
  [-3.91165999e+03 -1.82246028e+05  8.28245182e+04]
  [-1.25948637e+03 -1.73093193e+05  8.42563018e+04]
  [ 1.95740451e+03 -1.63550244e+05  8.50043826e+04]
  [ 1.82004137e+05 -1.27275989e+05 -2.63045514e+03]]

 [[-2.58644519e+05 -1.92764109e+05  1.63752968e+05]
  [ 4.94854969e+03 -1.88952594e+05  1.47857203e+05]
  [ 8.40350093e+03 -1.85169756e+05  1.46874229e+05]
  [ 1.20476607e+04 -1.79737348e+05  1.45328536e+05]
  [ 1.58805176e+04 -1.72912888e+05  1.43162391e+05]
  [ 1.98508185e+04 -1.64992846e+05  1.40334615e+05]
  [ 2.38678038e+04 -1.56284992e+05  1.36835316e+05]
  [ 2.78188044e+04 -1.47084759e+05  1.32692598e+05]
  [ 3.15877998e+04 -1.37657965e+05  1.27971040e+05]
  [ 2.13795407e+05 -1.16658058e+05  2.72916018e+04]]

 [[-2.56913653e+05  6.51935096e+05  2.38361462e+05]
  [ 1.41812983e+04  6.49604619e+05  2.20871328e+05]
  [ 2.32952803e+04  6.46856102e+05  2.17305353e+05]
  [ 3.19165666e+04  6.42766999e+05  2.12124338e+05]
  [ 3.98824787e+04  6.37381997e+05  2.05515245e+05]
  [ 4.70623840e+04  6.30765646e+05  1.97704702e+05]
  [ 5.33630000e+04  6.23003325e+05  1.88942819e+05]
  [ 5.87305961e+04  6.14200003e+05  1.79486715e+05]
  [ 6.31498881e+04  6.04476835e+05  1.69585565e+05]
  [ 2.45680147e+05  5.88106395e+05  6.27826756e+04]]]
[[[-124530.04468219 -126585.08724121 -176003.95334498]
  [ -16529.49146995 -124305.30654834 -177192.46569147]
  [ -27389.16099396 -125228.55551201 -176122.73947489]
  [ -38012.77055529 -126591.23588925 -174537.35389415]
  [ -48313.58041148 -128367.60597962 -172458.65446277]
  [ -58212.12472701 -130524.7697503  -169915.31286379]
  [ -67637.73690121 -133023.79022877 -166941.44680234]
  [ -76529.71461845 -135820.95644114 -163575.61369836]
  [ -84838.09794985 -138869.13704209 -159859.72885206]
  [  16611.13771768 -119453.27597235 -170095.54376687]]

 [[-129078.15319162  -16772.08347915   -8413.85876791]
  [  -4134.33080549  -13884.54281045  -10371.54300814]
  [  -6815.20758753  -14234.32836331  -10022.09232998]
  [  -9385.75231116  -14746.13937753   -9508.64834497]
  [ -11807.03571844  -15405.23466948   -8843.53960631]
  [ -14044.96511499  -16193.06762315   -8042.33172298]
  [ -16071.17956853  -17088.12759712   -7123.16249068]
  [ -17863.64058721  -18066.87027044   -6106.00377182]
  [ -19406.90813839  -19104.67573565   -5011.8972511 ]
  [  94935.44466458    4805.46328138  -21260.57265884]]

 [[-139047.28242071  -24491.98735241  -12513.40635744]
  [  -4994.3447921   -21289.14084522  -14913.32015778]
  [  -8217.3130502   -21693.4644341   -14402.89281559]
  [ -11284.82304149  -22281.76474141  -13655.28433146]
  [ -14143.24376933  -23033.38753972  -12691.06129682]
  [ -16746.79326413  -23922.62728803  -11535.95837972]
  [ -19058.86049583  -24920.0882942   -10219.61835336]
  [ -21052.76993745  -25994.15555523   -8774.22212544]
  [ -22711.98811355  -27112.46528775   -7233.10741186]
  [  98505.68797145    -873.49041246  -26977.91884948]]

 [[-150092.8507207   -35933.34744352  -16888.37632655]
  [  -5957.51219541  -32395.00063192  -19846.2577594 ]
  [  -9779.01679867  -32828.06555466  -19108.99809561]
  [ -13382.6034747   -33452.84988587  -18033.35052346]
  [ -16695.16569126  -34241.48356052  -16653.50474713]
  [ -19656.30316601  -35159.76451455  -15011.77516127]
  [ -22220.20679255  -36169.29378391  -13156.218342  ]
  [ -24356.52933404  -37229.71612787  -11138.1083092 ]
  [ -26050.2801944   -38300.87592505   -9009.47382893]
  [ 102473.36523682   -9684.03388614  -33111.05597815]]

 [[-162156.12663065  -52467.02049396  -20410.4564757 ]
  [  -6922.77511197  -48585.64827556  -24073.55172671]
  [ -11330.11755868  -48978.62302677  -23036.5513576 ]
  [ -15437.67032271  -49536.62905379  -21530.84780972]
  [ -19148.28170641  -50224.85844702  -19612.14201799]
  [ -22384.99074842  -51001.39940796  -17348.4616525 ]
  [ -25093.54134236  -51820.36900315  -14815.75357067]
  [ -27243.09791731  -52635.07846222  -12093.35800406]
  [ -28825.31467904  -53400.9269557    -9259.77233127]
  [ 107337.70099121  -22515.69945973  -38781.72405149]]

 [[-174993.85400042  -75192.21453781  -20668.92133871]
  [  -7659.96725956  -70985.6823236   -25226.07567817]
  [ -12490.17476205  -71199.2202908   -23841.73823603]
  [ -16924.50053122  -71485.29032788  -21843.58456917]
  [ -20839.96883081  -71806.83984806  -19318.156488  ]
  [ -24144.29979086  -72120.52544134  -16369.49415623]
  [ -26778.88729756  -72380.73865861  -13111.40457129]
  [ -28718.76326555  -72543.46972507   -9659.81670889]
  [ -29969.96768662  -72569.59044009   -6125.97894534]
  [ 113975.48407063  -39816.34871551  -42355.63010535]]

 [[-188065.96013837 -103643.74499258  -13508.19603393]
  [  -7756.27965255  -99183.9044187   -19201.69090096]
  [ -12585.98940646  -98996.03548548  -17521.61985889]
  [ -16931.17529368  -98688.59525094  -15114.3565887 ]
  [ -20648.7513386   -98235.14722374  -12102.7507351 ]
  [ -23638.5721558   -97606.78275058   -8631.84251452]
  [ -25846.29872808  -96776.04570556   -4856.59319451]
  [ -27261.69630274  -95720.39786528    -930.26825491]
  [ -27913.27860385  -94424.79215128    3005.29485269]
  [ 123630.63846274  -60727.69241448  -41406.40471568]]

 [[-200442.1302093  -133520.72196466    6375.61437135]
  [  -6653.62363594 -128995.28853152    -745.36935926]
  [ -10719.62587099 -128160.07394465     973.55840452]
  [ -14265.30547142 -126909.70795844    3412.67479711]
  [ -17145.85240402 -125249.48721577    6422.74290293]
  [ -19268.69821455 -123189.68220056    9831.07367823]
  [ -20595.37451668 -120747.11006697   13458.00345518]
  [ -21137.46260495 -117946.06443046   17131.77972896]
  [ -20948.1900301  -114818.39694886   20700.20206195]
  [ 137523.75236535  -81979.54988635  -33337.05816732]]

 [[-210835.38461362 -154775.40893502   42244.6338925 ]
  [  -3920.89446443 -150582.8340754    33433.55301977]
  [  -6213.30072557 -149014.10627152   34690.12721116]
  [  -8058.09521512 -146708.32306154   36442.16120499]
  [  -9339.61151689 -143719.75479543   38549.87195534]
  [  -9993.17477196 -140116.71487839   40855.2606024 ]
  [ -10005.36180612 -135978.36401762   43199.16258253]
  [  -9408.20995395 -131391.10137168   45435.9151866 ]
  [  -8269.33042988 -126444.81479905   47443.96104146]
  [ 155874.99801755  -97476.27811178  -17037.34095756]]

 [[-213813.51363706  435630.20227546  248128.69068648]
  [  12336.30195179  437656.98909216  236496.9981347 ]
  [  20464.06262368  437321.29144545  234567.49823554]
  [  28439.29122042  436784.31672684  231688.06576581]
  [  36188.06066724  436010.79263     227882.45387478]
  [  43629.13753008  434960.850728    223190.05118855]
  [  50677.85801857  433594.58834363  217668.90309549]
  [  57251.77851316  431876.25242948  211396.54914851]
  [  63276.80005185  429777.56726609  204468.35593642]
  [ 234596.70673353  442281.82064716  123859.40996857]]]
[[[-106685.13445719 -104873.54618199 -149528.68689922]
  [ -11891.08483291 -103111.38980602 -150481.79566542]
  [ -19735.30753552 -103681.34772948 -149830.00867239]
  [ -27456.25834593 -104526.37706074 -148860.79985288]
  [ -35007.54760691 -105634.87769724 -147584.11108689]
  [ -42345.59103475 -106991.85105341 -146012.83447196]
  [ -49430.25551538 -108579.27520515 -144162.5199326 ]
  [ -56225.39933197 -110376.54312291 -142051.0325037 ]
  [ -62699.29477512 -112360.94648095 -139698.17234046]
  [  27428.04627121  -97224.93965    -147927.3149839 ]]

 [[-110015.71907732  -11665.33132313   -5745.79960697]
  [  -2576.78790924   -9506.32255313   -7191.58430469]
  [  -4260.70146228   -9695.89599823   -7010.04699911]
  [  -5894.56927527   -9975.25184104   -6741.78345715]
  [  -7460.07867988  -10338.5807616    -6391.49502568]
  [  -8940.5358154   -10778.4518294    -5965.20952301]
  [ -10321.21053111  -11286.06009906   -5470.09151112]
  [ -11589.60365185  -11851.51039754   -4914.22426368]
  [ -12735.62987782  -12464.12319097   -4306.3739686 ]
  [  87701.13338512    5750.18102912  -16516.85075016]]

 [[-117249.24989498  -16144.73757512   -8294.10480867]
  [  -3038.76307684  -13779.19461577  -10023.5231204 ]
  [  -5018.8342074   -13996.64955004   -9771.44792919]
  [  -6931.59004735  -14316.05279267   -9399.65119009]
  [  -8752.71971908  -14729.57473377   -8915.44707613]
  [ -10460.37588291  -15227.2641124    -8328.16338158]
  [ -12035.67466373  -15797.42700625   -7648.81086082]
  [ -13463.06349216  -16427.05549727   -6889.70780664]
  [ -14730.54794722  -17102.28201764   -6064.08015502]
  [  91177.23365956    2705.46240765  -20571.39814437]]

 [[-125176.85023068  -22462.65978372  -11110.53996261]
  [  -3558.86388508  -19878.75005684  -13188.74880996]
  [  -5869.76578304  -20117.48479995  -12840.66254002]
  [  -8090.22753566  -20466.57854406  -12328.41692267]
  [ -10188.09625176  -20915.69231976  -11663.39955596]
  [ -12134.97520433  -21451.78909281  -10860.04108215]
  [ -13906.94130538  -22059.70551744   -9935.23697602]
  [ -15485.03738021  -22722.78827186   -8907.70047532]
  [ -16855.5291465   -23423.55479225   -7797.28576962]
  [  94879.94646166   -1974.40769184  -25099.2819238 ]]

 [[-133797.65865513  -31254.36140287  -13829.7825371 ]
  [  -4110.56651857  -28447.11698428  -16336.78006885]
  [  -6768.46591686  -28688.79014999  -15862.46623597]
  [  -9305.83336471  -29039.77048029  -15166.35952719]
  [ -11680.61713058  -29486.93012166  -14266.05524392]
  [ -13856.45741048  -30013.88021641  -13183.68347055]
  [ -15803.69422886  -30601.8065917   -11944.9043991 ]
  [ -17499.99432838  -31230.38156481  -10577.80316323]
  [ -18930.59010256  -31878.68681675   -9111.75882064]
  [  98956.22458456   -8812.59749115  -29807.77527319]]

 [[-143047.39239999  -43180.09872047  -15674.93860293]
  [  -4632.09213573  -40156.80050632  -18708.0158152 ]
  [  -7611.83234262  -40363.30269361  -18077.94220437]
  [ -10433.91306814  -40659.28945162  -17156.25357801]
  [ -13044.54944645  -41029.24820877  -15969.58419285]
  [ -15398.42429386  -41454.06789345  -14551.1382682 ]
  [ -17460.05125758  -41912.18977814  -12938.98099246]
  [ -19204.50764388  -42380.83241424  -11174.19625995]
  [ -20617.54485948  -42837.19180102   -9299.04957522]
  [ 103674.72221076  -18299.75787708  -34097.91690845]]

 [[-152757.85693385  -58651.33645578  -15240.69046733]
  [  -5006.6904233   -55440.28443302  -18916.40660489]
  [  -8206.99016886  -55545.20709258  -18115.70394408]
  [ -11208.10396837  -55688.17853588  -16948.99031809]
  [ -13943.85262551  -55853.20296414  -15454.9988002 ]
  [ -16360.20043158  -56020.95676264  -13681.52711779]
  [ -18416.98935557  -56170.21165279  -11682.65362297]
  [ -20088.67501389  -56279.30147929   -9515.80552077]
  [ -21364.11181811  -56327.49807098   -7238.92266241]
  [ 109464.61787987  -30659.9775995   -36953.21028627]]

 [[-162608.38532983  -77257.10838368  -10366.95852871]
  [  -5048.47727544  -73922.33740135  -14820.55710801]
  [  -8249.41652489  -73829.22883512  -13875.41134513]
  [ -11212.99977146  -73678.28442376  -12504.74070601]
  [ -13862.74399474  -73457.35701541  -10761.12616914]
  [ -16138.52081369  -73152.36076233   -8708.71199972]
  [ -17998.56775028  -72748.70682017   -6418.99641278]
  [ -19420.02980029  -72232.71407652   -3966.51332137]
  [ -20398.15703782  -71592.84417499   -1424.79663708]
  [ 116901.55295667  -45442.50204412  -36930.18864415]]

 [[-172085.91434209  -96882.02822796    1571.42752795]
  [  -4519.14649311  -93546.89133932   -3804.29208365]
  [  -7352.11157199  -93149.19112658   -2816.75460851]
  [  -9927.50083327  -92550.59910126   -1393.21421483]
  [ -12165.17022706  -91749.63508862     402.41750667]
  [ -14004.92384494  -90745.74838533    2493.15754604]
  [ -15408.55501555  -89540.19697121    4794.60998342]
  [ -16359.9516272   -88136.81123589    7220.61055077]
  [ -16863.50734295  -86542.52978379    9688.30557923]
  [ 126557.32767109  -61007.12193127  -32428.74665887]]

 [[-176150.57258391  319378.66024098  217703.51474626]
  [   9738.59398661  322089.66526808  210352.54507958]
  [  16195.65567639  322030.52389601  209342.78865006]
  [  22595.14558801  321933.78123746  207822.89504496]
  [  28905.86676209  321790.12560323  205789.53516658]
  [  35090.46318979  321587.70322347  203242.57844011]
  [  41106.03286274  321312.6238658   200187.63934874]
  [  46905.80156601  320949.59387991  196638.16205801]
  [  52441.5400403   320482.64684518  192616.71235861]
  [ 206017.30526624  340289.41753346  137171.5371455 ]]]
[[[ -93329.55844361  -89434.59167075 -129958.77739983]
  [  -8953.29115049  -88035.98198349 -130732.4309422 ]
  [ -14874.85042452  -88411.36271577 -130306.98093037]
  [ -20726.09224356  -88969.50086823 -129672.98922243]
  [ -26480.15389766  -89704.58612536 -128835.39184042]
  [ -32111.39946392  -90609.04968477 -127800.63289113]
  [ -37595.71844812  -91673.70947232 -126576.55249307]
  [ -42910.78838264  -92887.94261076 -125172.25333282]
  [ -48036.296337    -94239.87977422 -123597.94980725]
  [  32937.655082    -82133.98371846 -130312.55127481]]

 [[ -95875.8635931    -8570.81378205   -4147.75007685]
  [  -1713.21062181   -6899.55198418   -5254.87721186]
  [  -2838.26608832   -7010.95123253   -5151.46947215]
  [  -3938.02575908   -7175.8352703    -4998.10532165]
  [  -5003.02379624   -7391.61173472   -4796.83280087]
  [  -6024.42172864   -7654.93027965   -4550.30323093]
  [  -6994.15322361   -7961.76787716   -4261.707287  ]
  [  -7905.0453484    -8307.52876078   -3934.69996132]
  [  -8750.91349817   -8687.15514987   -3573.31723565]
  [  80577.91498178    5604.00026031  -13045.8682544 ]]

 [[-101362.80140721  -11391.69121811   -5831.05681248]
  [  -1982.56091746   -9578.32877313   -7129.17110692]
  [  -3282.05689675   -9704.87638706   -6991.05908539]
  [  -4548.71935836   -9891.79752205   -6786.47541665]
  [  -5770.36402807  -10135.70861181   -6518.44064092]
  [  -6935.71483476  -10432.25465806   -6190.85156485]
  [  -8034.60748469  -10776.23390984   -5808.37692565]
  [  -9058.15536253  -11161.7427231    -5376.33585891]
  [  -9998.87370272  -11582.33437295   -4900.56422412]
  [  83748.8443905     3841.16377068  -15951.4291568 ]]

 [[-107319.79101899  -15217.66565391   -7711.9069478 ]
  [  -2284.81780539  -13254.44803663   -9239.9044956 ]
  [  -3779.13498866  -13394.21052175   -9055.98369298]
  [  -5230.8178898   -13600.10042156   -8783.93451077]
  [  -6624.19895272  -13867.75550674   -8428.2213569 ]
  [  -7944.92958551  -14191.58864563   -7994.58071396]
  [  -9180.26574035  -14564.9686949    -7489.85002554]
  [ -10319.29285399  -14980.42859416   -6921.77015685]
  [ -11353.08449054  -15429.89067997   -6298.7705346 ]
  [  87096.84240825    1166.84832952  -19233.8114287 ]]

 [[-113756.8979469   -20365.8490066    -9652.4026979 ]
  [  -2611.82127595  -18248.52984425  -11457.04480338]
  [  -4315.56864109  -18395.74434531  -11213.91833777]
  [  -5964.15185402  -18611.81221738  -10854.89904375]
  [  -7537.52878522  -18891.23525858  -10386.56850963]
  [  -9017.57028113  -19227.01328753   -9817.34437545]
  [ -10388.45754861  -19610.90220776   -9157.19985934]
  [ -11636.98202563  -20033.70739966   -8417.34332537]
  [ -12752.74025409  -20485.5966905    -7609.87427471]
  [  90672.15583692   -2710.28778264  -22791.46067941]]

 [[-120658.75962953  -27192.63875285  -11362.44224495]
  [  -2944.05401446  -24922.98012826  -13499.34691292]
  [  -4858.6107098   -25065.50962623  -13182.40439128]
  [  -6702.45520438  -25273.5067846   -12715.30646115]
  [  -8450.23604435  -25540.30621954  -12107.66375441]
  [ -10079.35426048  -25857.48451186  -11371.70198706]
  [ -11570.50747458  -26215.21708376  -10521.80614078]
  [ -12908.07857662  -26602.67822971   -9574.00594955]
  [ -14080.35999154  -27008.46022167   -8545.43185071]
  [  94564.65932582   -8106.54212375  -26396.80443629]]

 [[-127968.8122361   -36025.7897819   -12314.71465696]
  [  -3244.01974356  -33615.23781855  -14848.96524735]
  [  -5345.89551828  -33731.3672404   -14445.44303145]
  [  -7358.72161009  -33898.93425039  -13852.12489782]
  [  -9251.06107728  -34110.37703088  -13082.77087459]
  [ -10995.36855768  -34356.23137767  -12154.77745203]
  [ -12568.71529913  -34625.59857614  -11088.45148643]
  [ -13953.27136811  -34906.66090035   -9906.20186367]
  [ -15136.53621679  -35187.20983152   -8631.6995886 ]
  [  98921.66781326  -15298.80732427  -29636.33126458]]

 [[-135568.66507986  -47011.94581481  -11656.78417578]
  [  -3448.99415059  -44486.98600394  -14662.58655792]
  [  -5673.75126482  -44542.56897988  -14167.93120842]
  [  -7789.64620132  -44619.18873732  -13442.59652023]
  [  -9758.92276571  -44709.2216561   -12505.62144582]
  [ -11549.15902581  -44803.25924208  -11380.90890594]
  [ -13134.19374116  -44890.66878342  -10096.11022612]
  [ -14494.68667151  -44960.19778958   -8681.40243828]
  [ -15618.30818413  -45000.575867     -7168.24283103]
  [ 103960.23262378  -24396.73558251  -31858.73330921]]

 [[-143254.92099103  -59843.17058555   -8180.40685278]
  [  -3467.14533277  -57252.98082296  -11738.56429358]
  [  -5691.24770975  -57201.6022185   -11166.97607239]
  [  -7788.32579723  -57119.09119541  -10331.54321557]
  [  -9715.20114974  -56999.42891937   -9257.21155208]
  [ -11435.6545601   -56835.38614076   -7975.05725805]
  [ -12921.53955662  -56619.09670779   -6520.66977601]
  [ -14153.37399119  -56342.65727832   -4932.40957756]
  [ -15120.41657431  -55998.70002261   -3249.67226923]
  [ 109955.53070313  -35137.63430474  -32176.19300956]]

 [[-146972.82423068  248371.15339793  190654.39104031]
  [   8019.56056345  250836.44477019  185823.54988501]
  [  13336.81244229  250828.16201351  185156.50155076]
  [  18609.1229807   250814.35555185  184155.73171237]
  [  23816.22878661  250793.24657247  182821.75059105]
  [  28936.0407063   250762.29527919  181156.36020478]
  [  33944.69728602  250718.11358437  179163.39379095]
  [  38816.92172591  250656.41261305  176849.40936382]
  [  43526.63945632  250572.0045728   174224.24448076]
  [ 178836.76947704  269885.16103118  135917.72773255]]]
[[[ -87956.09870258  -82031.33666512 -121442.46066765]
  [ -21965.13047948  -81235.91959671 -121864.96254979]
  [ -36518.67756657  -82172.61182948 -121144.25591909]
  [ -50938.4022113   -83568.65928854 -120069.41302223]
  [ -65172.71780226  -85413.43282859 -118647.78783784]
  [ -79171.93198522  -87693.02214389 -116889.01115309]
  [ -92888.72100601  -90390.45087062 -114804.84710277]
  [-106278.55706827  -93485.93422954 -112409.02118948]
  [-119300.08158256  -96957.17243534 -109717.02421971]
  [ -54479.05602552  -89839.79989115 -113523.87298181]]

 [[ -90509.9265429   -20900.87689661  -24457.09792662]
  [ -17807.29396099  -19954.71649022  -25058.95698224]
  [ -29594.07839552  -20789.21200421  -24455.49961407]
  [ -41254.83153005  -22031.86202524  -23556.67814685]
  [ -52741.26414983  -23671.94094645  -22370.00119851]
  [ -64007.14940814  -25695.45203516  -20905.26983831]
  [ -75008.82774958  -28085.37552775  -19174.40585364]
  [ -85705.65320686  -30821.96381301  -17191.24735954]
  [ -96060.37282991  -33883.07484217  -14971.31785091]
  [ -25141.40005436  -25489.96320116  -20322.40788468]]

 [[ -95426.89245701  -36493.70978188  -42874.22809136]
  [ -19806.82764613  -35493.83734447  -43537.68624986]
  [ -32905.9924861   -36432.12466676  -42771.54661718]
  [ -45848.58551139  -37828.02071813  -41631.28863929]
  [ -58574.93167397  -39667.94915012  -40127.45148534]
  [ -71028.21452218  -41934.24050864  -38273.7574495 ]
  [ -83155.16189889  -44605.48278423  -36086.84431388]
  [ -94906.64140956  -47656.93589491  -33585.94874955]
  [-106238.15388396  -51060.99625005  -30792.55124954]
  [ -32528.95511203  -42176.3253755   -36715.60905857]]

 [[-100749.58508552  -57244.1042887   -64032.70035814]
  [ -22045.71931121  -56186.91624009  -64761.83623181]
  [ -36611.31963683  -57231.61368428  -63787.34436644]
  [ -50981.71300268  -58784.08455596  -62338.27309856]
  [ -65082.95312909  -60827.21712646  -60429.50066714]
  [ -78845.08039331  -63338.81026559  -58080.34255269]
  [ -92203.05531588  -66292.06807359  -55314.13088685]
  [-105097.55209969  -69656.18046697  -52157.72043167]
  [-117475.59558505  -73396.96807981  -48640.93934771]
  [ -40803.52394483  -63982.07662963  -55191.19463028]]

 [[-106488.59188508  -84694.4956671   -87849.37164854]
  [ -24521.04732489  -83574.42159027  -88647.88844117]
  [ -40703.93037823  -84719.07291233  -87408.74529681]
  [ -56643.06157861  -86417.80633818  -85568.01321529]
  [ -72246.75639627  -88649.26623633  -83146.75764521]
  [ -87428.90881765  -91385.84628864  -80172.23462761]
  [-102110.26090159  -94594.38214673  -76677.22675471]
  [-116219.45442403  -98236.95756983  -72699.26958108]
  [-129693.84162757 -102271.7905066   -68279.80025281]
  [ -49869.32152394  -92271.95706027  -75518.95071588]]

 [[-112635.25759011 -120715.81643399 -113843.88666225]
  [ -27202.43466774 -119523.64588954 -114715.7838842 ]
  [ -45131.99099193 -120746.05689547 -113145.66115305]
  [ -62757.62884454 -122557.24112241 -110815.98203696]
  [ -79965.95722482 -124931.02914997 -107756.53127236]
  [ -96651.38409836 -127833.73524175 -104005.69829662]
  [-112717.83291293 -131225.1111378   -99609.42985426]
  [-128080.12041501 -135059.44524582  -94620.02129952]
  [-142664.96521949 -139286.75621087  -89094.80181144]
  [ -59477.57377666 -128621.09503838  -97099.25839623]]

 [[-119149.64871854 -167429.71155918 -140876.84106103]
  [ -30014.04778414 -166150.2743506  -141828.46645122]
  [ -49768.36596053 -167403.30293852 -139855.248837  ]
  [ -69145.96593599 -169256.08723827 -136931.33355335]
  [ -88007.5815615  -171677.53390875 -133098.51083153]
  [-106224.772823   -174627.81537434 -128410.41021153]
  [-123682.21786279 -178059.6438862  -122930.86361412]
  [-140279.48380265 -181919.72338323 -116732.03644073]
  [-155932.23828991 -186150.30413761 -109892.42139525]
  [ -69147.20472047 -174700.1552506  -118770.96516602]]

 [[-125944.68155562 -226957.68652146 -166814.13448256]
  [ -32811.47037271 -225567.42264203 -167858.74143998]
  [ -54372.81627134 -226768.15687513 -165415.43623771]
  [ -75472.78205911 -228538.88196757 -161800.22600324]
  [ -95942.52947962 -230844.46123522 -157070.77932202]
  [-115628.01355371 -233640.14247691 -151300.74909744]
  [-134392.97921732 -236873.17619008 -144577.26672044]
  [-152121.17281614 -240484.63646889 -136998.11471975]
  [-168717.72575254 -244411.34030815 -128668.735861  ]
  [ -78075.4765036  -232012.79180622 -138594.72163532]]

 [[-132867.98648676 -300883.50446484 -188191.33674323]
  [ -35358.2496085  -299349.66060735 -189357.26905055]
  [ -58554.02808246 -300370.61571816 -186402.93067919]
  [ -81196.06461674 -301870.22794661 -182038.40897672]
  [-103083.90801523 -303811.88390996 -176341.03824503]
  [-124036.77682433 -306149.25701903 -169409.08868128]
  [-143897.35551472 -308828.20401003 -161358.06608096]
  [-162534.44967051 -311788.86960954 -152316.58856489]
  [-179844.46035592 -314967.86653996 -142422.09205003]
  [ -85067.96564603 -301421.24166383 -153682.81555544]]

 [[-136617.29714489 -142031.83496771  -25127.39519046]
  [ -28129.61771687 -140317.92923339  -26895.40602522]
  [ -46517.94414529 -140991.72960755  -24293.27638343]
  [ -64371.53674432 -141976.81938052  -20463.56157634]
  [ -81500.44358228 -143243.96153861  -15490.50873297]
  [ -97736.85225651 -144756.52668738   -9480.25318883]
  [-112939.05138964 -146472.25024155   -2556.16763338]
  [-126993.95173907 -148345.1440609     5146.2281437 ]
  [-139818.15371558 -150327.42657829   13484.44920425]
  [ -36087.91194175 -135601.0030588    -2841.54160647]]]
