[[[  664515.30409597    26803.95765149  -651152.57976774]
  [  199348.80852755   -29142.76619475  -850632.30464078]
  [  164933.99807124  -209430.39343579  -960054.28977149]
  [  150999.59161967  -279320.99458743 -1007614.25517172]
  [   24482.11153425  -919088.57975779 -1021675.09323651]]

 [[ -786966.5160604   -205638.88436973  -249126.83530908]
  [  -94725.38091698  -190427.66859662  -112041.14388225]
  [   -4256.52435968  -298631.15854408   -81422.16438454]
  [   22813.81893419  -348046.26596481   -87475.40070889]
  [  244396.98297258  -951725.95158165   -98916.66920899]]

 [[ -867672.26918699  -469997.78214027    88276.06677553]
  [ -159565.53076036  -400834.47723781   218236.8307087 ]
  [  -80600.14622629  -388617.61964035   270780.88970481]
  [  -26882.46412156  -372192.67068918   274188.7245856 ]
  [  435775.76563066  -827736.29005049   255599.74886462]]

 [[ -731905.18908634  -423875.7167695    394681.15900513]
  [  -66012.94434119  -372932.49644555   443205.62558851]
  [  -41704.50941745  -354583.06051587   468717.07391466]
  [  -19920.15484208  -332865.13561882   472743.80362283]
  [  530765.56093961  -677537.22510069   460807.50615965]]

 [[ -763464.0952258   -304360.52603404   562876.51273239]
  [ -103489.77747883  -270883.35783624   632395.47163802]
  [  -91181.48338625  -263534.32475677   689273.39389627]
  [  -79196.70786611  -253916.93612181   733425.51895172]
  [  513210.81469321  -533820.17244296   766075.32592655]]]
[[[ 1.05627119e+06  2.84836212e+05 -2.50927997e+05]
  [ 4.99329379e+05  2.15785538e+05 -4.33444463e+05]
  [ 4.55613109e+05  1.04628669e+05 -5.94074247e+05]
  [ 4.09667069e+05  2.25557557e+04 -7.12733184e+05]
  [-5.58883036e+04 -4.23780515e+05 -7.96333233e+05]]

 [[ 6.08842884e+05  1.12883053e+05 -1.01971409e+06]
  [ 2.03987040e+05  1.07657093e+05 -1.00121781e+06]
  [ 1.54621483e+05  2.19225305e+04 -9.47175835e+05]
  [ 1.10366181e+05 -5.42247066e+04 -8.84737872e+05]
  [-1.78827690e+05 -5.79322813e+05 -8.22528716e+05]]

 [[ 1.69106733e-03 -1.49638999e+05 -9.87072308e+05]
  [ 4.91965103e-03 -1.10919353e+05 -9.61165480e+05]
  [ 8.09488739e-03 -1.60381078e+05 -9.15745069e+05]
  [ 1.04941978e-02 -2.06607481e+05 -8.59593808e+05]
  [-1.89534933e-03 -7.47017636e+05 -8.00082400e+05]]

 [[-6.08842882e+05 -3.35963195e+05 -7.82055670e+05]
  [-2.03987034e+05 -2.88080085e+05 -7.19992168e+05]
  [-1.54621473e+05 -3.06144533e+05 -6.64936432e+05]
  [-1.10366167e+05 -3.21874343e+05 -6.19995123e+05]
  [ 1.78827686e+05 -7.97576765e+05 -5.83126987e+05]]

 [[-1.05627119e+06 -4.30881153e+05 -5.01549999e+05]
  [-4.99329378e+05 -3.85514072e+05 -3.83094899e+05]
  [-4.55613108e+05 -3.81520541e+05 -2.76049863e+05]
  [-4.09667068e+05 -3.74912549e+05 -1.84488417e+05]
  [ 5.58882939e+04 -7.52829747e+05 -1.08095649e+05]]]
[[[ 985076.71331321  106192.02471726  -54407.64219175]
  [ 434837.96547821  123370.70978369 -120855.85630765]
  [ 422300.18856792  109667.64913133 -191437.33089806]
  [ 407483.28387495   91455.42479391 -262938.87818098]
  [-108928.25889686 -179329.65471168 -332339.13816289]]

 [[ 648726.50661004  220023.39124138 -159198.15262163]
  [ 159441.25526888  230962.00247063 -191543.59047888]
  [ 144273.28233432  198012.92119872 -228268.48833306]
  [ 127329.93654634  157759.89431818 -264194.72269657]
  [-317103.76780639 -177585.24497348 -295495.39698959]]

 [[ 542339.4601402   284422.82882055 -463624.62010965]
  [ 164844.40716352  288310.6964914  -484727.76628865]
  [ 145895.24473743  234672.2763982  -500257.95024379]
  [ 125104.50339241  173426.81875033 -509082.06200484]
  [-205564.09045376 -226876.76646309 -511163.27385681]]

 [[ 269329.13355738  122363.72153919 -731581.36390225]
  [  91462.53625187  142651.93632554 -730592.72142185]
  [  79437.90902978  105034.06386098 -716478.8615433 ]
  [  66575.46874358   60071.58707427 -692892.63586143]
  [ -83417.45132266 -363553.3088254  -663618.221446  ]]

 [[-716332.39196428  -91962.56145064 -713524.25011208]
  [-617069.99722109  -59023.52525613 -620537.07149393]
  [-595932.49852911  -77011.58535654 -523803.01862467]
  [-569025.26559997  -98920.53919383 -428131.8085471 ]
  [-468854.36691475 -506098.04209008 -337199.19528928]]]
[[[ 957103.65407679   65767.62815156  -29646.62039224]
  [ 405397.06483606   80825.80194637  -70747.05436796]
  [ 399683.20974962   76850.95923007 -113234.40235558]
  [ 392808.98237648   71161.91917742 -156480.05365452]
  [-141241.93679757 -116830.76825367 -199820.7920816 ]]

 [[ 622155.67004961  113147.60876912  -51974.10916652]
  [ 108117.38912224  129013.16382795  -65604.23013012]
  [ 102267.98798203  121865.93488172  -81330.00665165]
  [  95621.69562631  111820.23931445  -98383.30370617]
  [-395475.30136134 -105175.93085052 -115941.46244039]]

 [[ 582387.43768191  173479.81367279 -130251.09442576]
  [ 124943.40119888  189308.30099581 -145839.16794042]
  [ 117333.16114882  176572.35872723 -163390.50441179]
  [ 108593.64135112  159129.30975759 -181746.88869121]
  [-323114.00004827  -93730.65813904 -199755.52081459]]

 [[ 498135.2299983   219472.99059491 -273057.28381329]
  [ 128244.68507749  234817.14543094 -287172.59724325]
  [ 119362.30327641  215176.18658063 -301308.31858627]
  [ 109120.5510345   189002.10209125 -314399.5012931 ]
  [-234843.67421915 -102540.39290864 -325551.60706543]]

 [[-313370.39537441  189737.75111604 -423510.43463503]
  [-546398.6727713   207274.53955283 -369307.57820434]
  [-542984.30691542  185923.69468183 -313932.25120061]
  [-536199.30391021  157754.29395961 -258614.86476961]
  [-735796.82352148 -161908.27642549 -204470.91256325]]]
[[[ 942676.15891205  398444.21356735  532755.69935725]
  [ 389412.5836136   410330.82301191  502256.83502673]
  [ 386167.25297276  407907.84352893  470561.97725684]
  [ 382249.43428652  404345.3815892   437902.69965925]
  [-160232.38170086  258832.93930888  404527.9730343 ]]

 [[ 606618.55121893  454846.81905006  506104.60057111]
  [  80314.65370457  467590.78693647  498134.12632546]
  [  77330.95641321  464037.3451171   488574.07116355]
  [  73974.00175491  458842.98659902  477635.13975666]
  [-438587.18162719  296660.76286168  465558.57620944]]

 [[ 581853.24625483  522465.7572915   447784.84838892]
  [  92179.83554657  535978.7415417   438591.80310395]
  [  88492.71378931  530674.81807976  427593.03835714]
  [  84287.65701841  522982.57216962  415096.55684573]
  [-389946.51708685  340992.7777042   401449.27994791]]

 [[ 540243.79335738  598642.45362802  359013.24912617]
  [ 101747.33246784  612725.99816713  348966.43186529]
  [  97313.47712503  604865.75252414  337108.08840328]
  [  92193.77302072  593580.38635938  323852.89940822]
  [-329639.3343293   388643.31965914  309653.37813415]]

 [[-127551.82316503  671634.55542451  251015.96492712]
  [-491831.03522457  686128.58734208  285272.05825361]
  [-491449.02538321  675150.65381325  317343.29032295]
  [-489484.50214608  659557.83347325  347153.50386233]
  [-830009.624593    430002.00289327  374724.37277212]]]
