[[[ 5.18294630e+05 -1.66664995e+06  2.70826250e+05]
  [ 1.31933226e+06 -1.11818276e+06 -5.27799372e+05]
  [ 1.17292684e+06 -8.26764645e+05 -9.78613000e+05]
  [ 9.95247907e+05 -6.07294885e+05 -1.16754476e+06]
  [ 8.43894022e+05 -4.43653825e+05 -1.24535383e+06]
  [ 7.17580078e+05 -3.26422265e+05 -1.26988064e+06]
  [ 6.13034194e+05 -2.43495438e+05 -1.26656830e+06]
  [ 5.26941182e+05 -1.84596616e+05 -1.24859640e+06]
  [ 4.56117907e+05 -1.42281072e+05 -1.22328549e+06]
  [ 3.40789258e+05 -7.42944930e+05 -1.21565319e+06]]

 [[-1.05581112e+06  3.55748978e+06 -2.82273990e+05]
  [ 6.13018815e+05  2.89570302e+06 -2.62000802e+05]
  [ 7.88571555e+05  2.09078084e+06 -3.55565835e+05]
  [ 7.48006164e+05  1.53679616e+06 -4.30224550e+05]
  [ 6.47519707e+05  1.17827404e+06 -4.65871074e+05]
  [ 5.43988856e+05  9.40322837e+05 -4.72820403e+05]
  [ 4.53685521e+05  7.75817169e+05 -4.62531787e+05]
  [ 3.79242484e+05  6.57445905e+05 -4.43083105e+05]
  [ 3.19079768e+05  5.69174177e+05 -4.19453605e+05]
  [ 4.00351982e+05 -1.62401759e+05 -4.14484403e+05]]

 [[-1.24998527e+06  1.17161597e+06 -1.13955772e+06]
  [-3.90102279e+05  1.24829621e+06 -8.79410361e+05]
  [-3.13134785e+05  1.20959613e+06 -6.59284417e+05]
  [-2.06095452e+05  1.11327942e+06 -5.06295834e+05]
  [-1.16362205e+05  9.91877981e+05 -4.04328853e+05]
  [-5.33886893e+04  8.71015690e+05 -3.35326786e+05]
  [-1.28581930e+04  7.62586119e+05 -2.86896261e+05]
  [ 1.18148259e+04  6.69872641e+05 -2.51364269e+05]
  [ 2.60673950e+04  5.92227846e+05 -2.24098801e+05]
  [ 3.40663024e+05 -1.09502840e+05 -2.17527433e+05]]

 [[-9.76995136e+05  2.48413117e+05 -5.37389080e+05]
  [-2.49522586e+05  3.19056532e+05 -4.46325528e+05]
  [-3.02885403e+05  3.64823924e+05 -3.48273859e+05]
  [-3.15640861e+05  4.07622741e+05 -2.58467639e+05]
  [-2.99313681e+05  4.36379494e+05 -1.84583817e+05]
  [-2.67505735e+05  4.48559192e+05 -1.27856523e+05]
  [-2.30515480e+05  4.46706704e+05 -8.61154297e+04]
  [-1.94426024e+05  4.34985138e+05 -5.61416963e+04]
  [-1.62114157e+05  4.17274599e+05 -3.48718326e+04]
  [ 3.04875820e+05 -1.75363968e+05 -3.00064357e+04]]

 [[-8.64413295e+05 -6.73998436e+03 -8.39448144e+04]
  [-1.48358937e+05  3.96185058e+04 -4.56442906e+04]
  [-1.98320443e+05  6.94170662e+04 -6.42379236e+03]
  [-2.31457832e+05  1.05901733e+05  3.03971197e+04]
  [-2.47898179e+05  1.42925363e+05  6.24572259e+04]
  [-2.50372717e+05  1.75976654e+05  8.85899865e+04]
  [-2.42680253e+05  2.02624972e+05  1.08651361e+05]
  [-2.28525671e+05  2.22181840e+05  1.23168305e+05]
  [-2.10926499e+05  2.35082822e+05  1.32996947e+05]
  [ 3.33166536e+05 -2.55637594e+05  1.32532890e+05]]

 [[-8.06249580e+05 -6.71421792e+04  1.66034773e+05]
  [-9.28338794e+04 -3.53489311e+04  1.86377441e+05]
  [-1.28527738e+05 -1.94083642e+04  2.05472645e+05]
  [-1.57307181e+05  1.90147061e+03  2.22449286e+05]
  [-1.78242645e+05  2.61992653e+04  2.36688469e+05]
  [-1.91400025e+05  5.12157003e+04  2.47865661e+05]
  [-1.97582281e+05  7.51193566e+04  2.55933048e+05]
  [-1.98007227e+05  9.66535011e+04  2.61061821e+05]
  [-1.94022626e+05  1.15119497e+05  2.63568724e+05]
  [ 3.91105941e+05 -3.00748164e+05  2.59609506e+05]]

 [[-7.72190563e+05 -7.88047088e+04  3.08768073e+05]
  [-6.22627008e+04 -5.49801631e+04  3.21486885e+05]
  [-8.74889940e+04 -4.60928354e+04  3.32685137e+05]
  [-1.09567491e+05 -3.37057670e+04  3.42051741e+05]
  [-1.27828912e+05 -1.87715861e+04  3.49386397e+05]
  [-1.41966292e+05 -2.31498118e+03  3.54605459e+05]
  [-1.52003349e+05  1.46923353e+04  3.57733589e+05]
  [-1.58223251e+05  3.14209668e+04  3.58885160e+05]
  [-1.61081221e+05  4.72308385e+04  3.58240347e+05]
  [ 4.49252162e+05 -3.13433459e+05  3.53200660e+05]]

 [[-7.50230056e+05 -7.74453377e+04  3.97590668e+05]
  [-4.42780917e+04 -5.83854690e+04  4.06379128e+05]
  [-6.26418608e+04 -5.30722223e+04  4.13812798e+05]
  [-7.94154026e+04 -4.54956160e+04  4.19750441e+05]
  [-9.41879632e+04 -3.60743782e+04  4.24108773e+05]
  [-1.06691303e+05 -2.52897568e+04  4.26863335e+05]
  [-1.16801915e+05 -1.36389617e+04  4.28044392e+05]
  [-1.24527699e+05 -1.59462729e+03  4.27729059e+05]
  [-1.29984058e+05  1.04253470e+04  4.26031135e+05]
  [ 4.97187940e+05 -3.07505407e+05  4.21151291e+05]]

 [[-7.35022495e+05 -7.26135271e+04  4.57139493e+05]
  [-3.29683331e+04 -5.66807002e+04  4.63615493e+05]
  [-4.67917325e+04 -5.32962912e+04  4.68961129e+05]
  [-5.97386539e+04 -4.84033910e+04  4.73101096e+05]
  [-7.15578777e+04 -4.22040288e+04  4.75993016e+05]
  [-8.20597462e+04 -3.49398678e+04  4.77627651e+05]
  [-9.11211640e+04 -2.68737387e+04  4.78027018e+05]
  [-9.86846335e+04 -1.82717778e+04  4.77240797e+05]
  [-1.04752358e+05 -9.38797696e+03  4.75341578e+05]
  [ 5.34047742e+05 -2.93031594e+05  4.71043395e+05]]

 [[-7.60619495e+05 -6.66269983e+04  5.02078392e+05]
  [-6.78374925e+04 -5.24848157e+04  5.29608896e+05]
  [-8.41072588e+04 -4.93893805e+04  5.56121578e+05]
  [-9.96540610e+04 -4.48645214e+04  5.81493207e+05]
  [-1.14262145e+05 -3.90436179e+04  6.05623206e+05]
  [-1.27752043e+05 -3.20912534e+04  6.28435032e+05]
  [-1.39985410e+05 -2.41937309e+04  6.49876395e+05]
  [-1.50866977e+05 -1.55491932e+04  6.69918453e+05]
  [-1.60343838e+05 -6.35818268e+03  6.88554145e+05]
  [ 4.83411178e+05 -2.59109709e+05  7.04790590e+05]]]
[[[  580451.33358972  -437049.65842531  -734531.03716846]
  [ -113463.40839007  -633110.40336423  -684754.94815279]
  [ -203941.59710503  -834724.87048085  -633268.25866456]
  [ -176728.9214467   -939635.28954304  -617896.1708232 ]
  [ -113566.53250026  -974645.82149904  -626186.1141619 ]
  [  -46414.81737239  -966829.37162618  -646032.51020551]
  [   12817.84227628  -934607.0593291   -670029.98237581]
  [   60590.39949707  -889754.27982886  -693995.73570216]
  [   96953.34864534  -839570.57762388  -715744.78058797]
  [ -139138.14318005 -1276575.98683709  -767853.43471195]]

 [[  280473.97679856 -2048191.57739311  -246297.15780053]
  [  101444.73798147 -1828303.99018501  -197093.37557208]
  [  119283.57611568 -1602957.40726461  -144457.68053601]
  [  177352.01294457 -1377777.00640446  -131238.64421693]
  [  229982.11871871 -1177019.04589672  -146198.5447142 ]
  [  263194.90952957 -1006420.7764232   -171737.94904483]
  [  277761.47357188  -864750.96648563  -197139.03872598]
  [  278559.21170084  -748329.32815779  -217749.89011858]
  [  270457.84620489  -652943.70120611  -232334.45745582]
  [  119924.74836778 -1127087.15850615  -285844.33065742]]

 [[ -143982.87732589  -731318.69512543   907482.68787744]
  [  475174.21574229  -654440.59867147   753864.4787338 ]
  [  648198.7744949   -639778.55506063   525459.45089176]
  [  706596.70520674  -611949.12321656   302195.96658616]
  [  692791.1768994   -573788.99746183   121949.53679262]
  [  643687.32475528  -530769.44584166    -9818.20619021]
  [  581812.25728423  -487526.00671142  -100747.22756856]
  [  518774.02030505  -446814.26655248  -160896.19901203]
  [  459837.01870481  -409853.50987861  -198988.45113133]
  [  429394.20630884  -978841.17107228  -271402.99540489]]

 [[ -768261.91800837   690354.54324047   170984.84736501]
  [   99655.16995869   662726.13660382   174680.71153111]
  [  289231.6556261    520052.03652682   130824.42446803]
  [  410341.88250387   364066.20565533    60973.02655932]
  [  468954.16103952   223278.47776032   -13166.19281326]
  [  482519.02495864   109421.9663313    -78291.10452963]
  [  468488.83283874    23241.80347009  -129351.23213425]
  [  439888.98188113   -39302.93277535  -166262.271163  ]
  [  405100.12346375   -83365.68036973  -191081.65066746]
  [  564401.76038422  -725541.521897    -251007.17182987]]

 [[ -932822.27971798   499691.84938222  -446058.63622656]
  [ -135594.99846099   515344.26661911  -382752.47767008]
  [  -48776.6801826    463613.99554527  -323915.65653317]
  [   33240.78874428   395586.97289368  -277652.62278771]
  [  101724.53818537   320226.24398764  -245773.50169512]
  [  152748.16022653   245447.96517375  -225864.56792851]
  [  186644.97816203   176660.80816925  -214161.29216528]
  [  206111.0428133    116651.98595629  -207284.52107869]
  [  214560.46313679    66222.89704468  -202812.70063477]
  [  561684.60674679  -552639.86716075  -232782.2890284 ]]

 [[ -885721.90351137   149381.53206317  -457756.14151344]
  [ -137700.37434854   178821.77804281  -413967.12247407]
  [ -112102.13946845   172053.16270929  -367340.24529065]
  [  -80883.13297052   160865.25519325  -322535.53905912]
  [  -46897.19118461   145126.08601592  -282818.07955076]
  [  -13297.8900305    125505.32551468  -249709.66905583]
  [   17364.60787985   103259.45010833  -223300.52479418]
  [   43529.25987947    79840.39868876  -202814.04681824]
  [   64581.46548472    56566.1478117   -187116.69984134]
  [  537532.48381181  -484229.44914496  -197990.45177138]]

 [[ -831087.98718361   -23941.37531717  -327626.67898013]
  [ -103077.56508049     3287.88011005  -301154.36682471]
  [  -97490.31589835     6116.88187665  -273149.52397497]
  [  -87863.77507533     9145.77989034  -245366.36710518]
  [  -74652.9342867     11403.19173472  -219277.04628691]
  [  -58848.77760169    12144.6297393   -195889.89046768]
  [  -41680.37151446    10988.15552992  -175712.50919195]
  [  -24340.06101731     7911.97322882  -158825.33993141]
  [   -7803.01398299     3164.11351433  -145008.02760718]
  [  537232.51996428  -458513.2797604   -149109.95794598]]

 [[ -792320.57022246   -89684.06448479  -213099.3291658 ]
  [  -74235.42299894   -66952.54027197  -196270.58773704]
  [  -74101.41162641   -63560.56658923  -179076.87821649]
  [  -71752.53580796   -59098.25325746  -162194.62702109]
  [  -67129.21014319   -54156.47937147  -146212.5810823 ]
  [  -60440.83115516   -49315.27735423  -131577.68350233]
  [  -52097.63654597   -45053.59381541  -118571.19941564]
  [  -42619.62536791   -41699.2638151   -107313.57554544]
  [  -32548.68747583   -39419.2563864    -97789.92308091]
  [  554252.03083739  -436939.11055484  -100090.75009156]]

 [[ -765739.74847806  -109798.43448204  -133180.18817494]
  [  -54279.09862891   -90835.60965952  -121670.22287977]
  [  -55356.18658237   -88317.78244181  -110277.49097048]
  [  -55246.51067556   -84835.18544828   -99298.25698191]
  [  -53835.31046045   -80687.96252077   -88987.03366499]
  [  -51126.05441544   -76202.30689084   -79540.50845337]
  [  -47228.07057465   -71689.91643615   -71089.43358946]
  [  -42331.25382219   -67416.74234489   -63698.52053503]
  [  -36674.7651651    -63584.38575324   -57372.93601137]
  [  575907.13601362  -410819.72641566   -59060.92882958]]

 [[ -871757.50931699  -104712.61380204  -102627.78951195]
  [ -173400.29815927   -87900.24143766   -67303.6156044 ]
  [ -182019.89813912   -84841.61183775   -32240.46946086]
  [ -189455.54931481   -80452.15262955     2273.79324846]
  [ -195515.23271604   -74946.79357118    35978.27185941]
  [ -200081.05297277   -68577.68331368    68647.97997311]
  [ -203110.61668172   -61612.17279487   100099.66885928]
  [ -204631.19377498   -54312.45374609   130194.34531711]
  [ -204728.53300209   -46919.04416662   158836.7389701 ]
  [  422211.50748008  -350243.28371906   181048.28732855]]]
[[[ 8.39476915e+05 -6.67011487e+04 -1.76295754e+05]
  [ 3.29932792e+05 -6.10848896e+04 -2.31355797e+05]
  [ 2.60028758e+05 -9.53216218e+04 -2.81284242e+05]
  [ 2.03190028e+05 -1.38924077e+05 -3.26282305e+05]
  [ 1.61049367e+05 -1.85702997e+05 -3.66916837e+05]
  [ 1.32706388e+05 -2.30629770e+05 -4.03800253e+05]
  [ 1.15834641e+05 -2.70406622e+05 -4.37423574e+05]
  [ 1.07647709e+05 -3.03370135e+05 -4.68121247e+05]
  [ 1.05513115e+05 -3.29087870e+05 -4.96104333e+05]
  [-2.61683667e+05 -7.18770917e+05 -5.45146733e+05]]

 [[ 4.70179826e+05 -8.80725034e+04 -2.42300301e+05]
  [ 3.21563650e+04 -8.81274170e+04 -2.46522557e+05]
  [-3.80948467e+04 -1.37465481e+05 -2.36507315e+05]
  [-7.94701013e+04 -1.92304096e+05 -2.19846213e+05]
  [-9.53474110e+04 -2.41796676e+05 -2.02717272e+05]
  [-9.30388243e+04 -2.80372517e+05 -1.88456916e+05]
  [-7.98906172e+04 -3.06702559e+05 -1.78073086e+05]
  [-6.16106131e+04 -3.21873763e+05 -1.71254851e+05]
  [-4.20175297e+04 -3.27961292e+05 -1.67163329e+05]
  [-3.14849522e+05 -7.44481227e+05 -1.98270091e+05]]

 [[ 3.35711588e+05 -5.11666148e+05 -4.30563891e+05]
  [ 4.53105885e+04 -4.87380689e+05 -4.09906591e+05]
  [-9.77185801e+03 -5.02884601e+05 -3.62455330e+05]
  [-2.89731650e+04 -5.12784181e+05 -3.10282611e+05]
  [-2.29187676e+04 -5.12645647e+05 -2.66572934e+05]
  [-3.89185436e+03 -5.02511148e+05 -2.35183070e+05]
  [ 1.91176295e+04 -4.84654105e+05 -2.14862732e+05]
  [ 4.09321777e+04 -4.61830153e+05 -2.02691722e+05]
  [ 5.91739771e+04 -4.36434193e+05 -1.95795195e+05]
  [-1.14931287e+05 -8.77307950e+05 -2.36662954e+05]]

 [[ 9.27712006e+04 -7.63769428e+05 -8.03292977e+04]
  [ 1.25901225e+05 -7.04033579e+05 -8.75979954e+04]
  [ 1.43072367e+05 -6.72282309e+05 -9.20371571e+04]
  [ 1.62419406e+05 -6.31622523e+05 -9.83736431e+04]
  [ 1.80593808e+05 -5.86945967e+05 -1.08646624e+05]
  [ 1.94563984e+05 -5.41869479e+05 -1.22085389e+05]
  [ 2.02937424e+05 -4.98661927e+05 -1.36707522e+05]
  [ 2.05786436e+05 -4.58542151e+05 -1.50629263e+05]
  [ 2.03998659e+05 -4.22021410e+05 -1.62596055e+05]
  [ 1.41728506e+05 -9.01415499e+05 -2.25823836e+05]]

 [[-2.83255749e+05 -2.74628497e+05  1.94769570e+05]
  [ 9.04358194e+04 -2.35978170e+05  1.76896301e+05]
  [ 1.70810767e+05 -2.43394520e+05  1.38910143e+05]
  [ 2.30198883e+05 -2.51300488e+05  8.92677138e+04]
  [ 2.67970882e+05 -2.57607369e+05  3.64227029e+04]
  [ 2.87096558e+05 -2.61116825e+05 -1.33710585e+04]
  [ 2.91994253e+05 -2.61526043e+05 -5.65756329e+04]
  [ 2.87030319e+05 -2.59130966e+05 -9.18566038e+04]
  [ 2.75816092e+05 -2.54502885e+05 -1.19288078e+05]
  [ 3.53976990e+05 -7.86931377e+05 -1.95046863e+05]]

 [[-6.06594310e+05  1.53157658e+05 -1.03950296e+04]
  [-4.26594854e+04  1.74494669e+05 -7.21945796e+02]
  [ 3.64835864e+04  1.43545712e+05 -3.89984086e+03]
  [ 1.03051069e+05  1.04048533e+05 -1.74312419e+04]
  [ 1.53908470e+05  6.15261048e+04 -3.75119701e+04]
  [ 1.88942296e+05  2.04172692e+04 -6.02914289e+04]
  [ 2.10054045e+05 -1.64456908e+04 -8.27148156e+04]
  [ 2.20048236e+05 -4.77202843e+04 -1.02809039e+05]
  [ 2.21814445e+05 -7.31442220e+04 -1.19578959e+05]
  [ 4.58365829e+05 -6.27837332e+05 -1.81029069e+05]]

 [[-7.51049952e+05  1.77902087e+05 -2.30890291e+05]
  [-1.16586984e+05  1.99797306e+05 -2.07056010e+05]
  [-6.90389789e+04  1.81022497e+05 -1.85935025e+05]
  [-2.35004287e+04  1.55549651e+05 -1.68875010e+05]
  [ 1.74304054e+04  1.25909922e+05 -1.56345720e+05]
  [ 5.20544115e+04  9.45897063e+04 -1.48026039e+05]
  [ 7.96646767e+04  6.36738063e+04 -1.43097036e+05]
  [ 1.00386576e+05  3.46733358e+04 -1.40564007e+05]
  [ 1.14899651e+05  8.51704081e+03 -1.39492591e+05]
  [ 4.88570504e+05 -5.17390009e+05 -1.76243987e+05]]

 [[-7.82094800e+05  6.61029491e+04 -2.80708029e+05]
  [-1.21728776e+05  8.90455917e+04 -2.58669321e+05]
  [-9.89302954e+04  8.27464673e+04 -2.36138617e+05]
  [-7.48113292e+04  7.37052000e+04 -2.14445250e+05]
  [-5.04767249e+04  6.24012200e+04 -1.94628803e+05]
  [-2.70200062e+04  4.94300471e+04 -1.77324232e+05]
  [-5.35989950e+03  3.54417732e+04 -1.62762320e+05]
  [ 1.38578208e+04  2.10709852e+04 -1.50851548e+05]
  [ 3.02835458e+04  6.87706610e+03 -1.41292662e+05]
  [ 5.00442647e+05 -4.63358685e+05 -1.60287286e+05]]

 [[-7.75265561e+05 -2.47519492e+04 -2.40213204e+05]
  [-1.03049467e+05 -3.35575056e+03 -2.23500296e+05]
  [-9.29950587e+04 -4.23165682e+03 -2.06119192e+05]
  [-8.14256243e+04 -5.67040640e+03 -1.88818696e+05]
  [-6.86758557e+04 -7.76470981e+03 -1.72262202e+05]
  [-5.51993409e+04 -1.05687483e+04 -1.56961058e+05]
  [-4.15006965e+04 -1.40758080e+04 -1.43243853e+05]
  [-2.80674344e+04 -1.82142813e+04 -1.31260230e+05]
  [-1.53171384e+04 -2.28592331e+04 -1.21009408e+05]
  [ 5.17116071e+05 -4.35489807e+05 -1.30981717e+05]]

 [[-1.00650072e+06 -3.81537711e+04 -2.47098467e+05]
  [-3.38558650e+05 -1.82529398e+04 -2.02210858e+05]
  [-3.43636035e+05 -1.56128908e+04 -1.56681419e+05]
  [-3.46440250e+05 -1.19274733e+04 -1.11162678e+05]
  [-3.46872456e+05 -7.47873662e+03 -6.62766656e+04]
  [-3.44977836e+05 -2.57614562e+03 -2.25756484e+04]
  [-3.40926543e+05  2.47999814e+03  1.94854441e+04]
  [-3.34982072e+05  7.42696283e+03  5.95628679e+04]
  [-3.27464667e+05  1.20568990e+04  9.74250539e+04]
  [ 2.45332272e+05 -3.46105815e+05  1.19908068e+05]]]
[[[ 8.68122105e+05 -2.92992972e+04 -7.34271482e+04]
  [ 3.67131635e+05 -1.69443985e+04 -1.11998111e+05]
  [ 3.37769711e+05 -2.60850448e+04 -1.49611876e+05]
  [ 3.09829032e+05 -3.89603273e+04 -1.85981923e+05]
  [ 2.84138539e+05 -5.47058066e+04 -2.20894186e+05]
  [ 2.61248214e+05 -7.23621888e+04 -2.54200233e+05]
  [ 2.41429928e+05 -9.09811804e+04 -2.85806306e+05]
  [ 2.24713152e+05 -1.09708390e+05 -3.15661485e+05]
  [ 2.10940557e+05 -1.27835687e+05 -3.43747194e+05]
  [-2.27209059e+05 -4.36697631e+05 -3.85242291e+05]]

 [[ 5.22867147e+05  2.64675469e+04 -3.17868165e+04]
  [ 7.24097409e+04  3.95471748e+04 -4.15241940e+04]
  [ 4.57859475e+04  2.72483622e+04 -4.99181802e+04]
  [ 2.23959609e+04  1.04235047e+04 -5.70053942e+04]
  [ 3.22374252e+03 -9.36016640e+03 -6.29522955e+04]
  [-1.13379487e+04 -3.05050305e+04 -6.79839753e+04]
  [-2.14016113e+04 -5.15967784e+04 -7.23231471e+04]
  [-2.74369381e+04 -7.15292814e+04 -7.61514927e+04]
  [-3.01128221e+04 -8.95433812e+04 -7.95942812e+04]
  [-4.06477765e+05 -4.27998844e+05 -1.03404880e+05]]

 [[ 4.65590703e+05 -1.78737697e+04 -1.39089593e+05]
  [ 7.73621201e+04 -4.31522143e+03 -1.47040860e+05]
  [ 4.36941324e+04 -2.09355600e+04 -1.50544559e+05]
  [ 1.60646234e+04 -4.28003459e+04 -1.50511018e+05]
  [-4.34833049e+03 -6.72142679e+04 -1.48129336e+05]
  [-1.75775029e+04 -9.17274550e+04 -1.44539789e+05]
  [-2.44962359e+04 -1.14478761e+05 -1.40630638e+05]
  [-2.63995178e+04 -1.34293241e+05 -1.36972893e+05]
  [-2.46670525e+04 -1.50609796e+05 -1.33851275e+05]
  [-3.30324600e+05 -5.20789386e+05 -1.59291481e+05]]

 [[ 3.65743792e+05 -1.50797634e+05 -2.48611484e+05]
  [ 7.95676697e+04 -1.32896082e+05 -2.51664126e+05]
  [ 4.64708871e+04 -1.47176491e+05 -2.46097445e+05]
  [ 2.18271805e+04 -1.64892256e+05 -2.34699720e+05]
  [ 6.42015088e+03 -1.83135264e+05 -2.20527253e+05]
  [-7.31534840e+02 -1.99622766e+05 -2.06066789e+05]
  [-1.52415455e+03 -2.12969323e+05 -1.92899564e+05]
  [ 1.95806462e+03 -2.22614668e+05 -1.81760297e+05]
  [ 7.88104182e+03 -2.28594444e+05 -1.72775971e+05]
  [-2.08836652e+05 -6.25745923e+05 -2.02317631e+05]]

 [[ 2.01372350e+05 -3.25288735e+05 -2.36591782e+05]
  [ 8.00260944e+04 -2.97320624e+05 -2.37476740e+05]
  [ 6.57482459e+04 -2.98962411e+05 -2.30742405e+05]
  [ 5.71047460e+04 -3.00131489e+05 -2.19424853e+05]
  [ 5.42045798e+04 -2.99941308e+05 -2.06622740e+05]
  [ 5.58378332e+04 -2.97853061e+05 -1.94601511e+05]
  [ 6.02950256e+04 -2.93727840e+05 -1.84547123e+05]
  [ 6.59736540e+04 -2.87737199e+05 -1.76763137e+05]
  [ 7.16672449e+04 -2.80229527e+05 -1.71014329e+05]
  [-3.96779539e+04 -7.01628481e+05 -2.11720339e+05]]

 [[-3.50528082e+04 -3.29029923e+05 -9.16195397e+04]
  [ 5.90018570e+04 -2.96455065e+05 -9.50455016e+04]
  [ 7.61422796e+04 -2.93393474e+05 -9.90045766e+04]
  [ 9.18216320e+04 -2.88966610e+05 -1.03702371e+05]
  [ 1.05532361e+05 -2.83344636e+05 -1.09233196e+05]
  [ 1.16796294e+05 -2.76722256e+05 -1.15456020e+05]
  [ 1.25316098e+05 -2.69306392e+05 -1.22022364e+05]
  [ 1.31040703e+05 -2.61305234e+05 -1.28490052e+05]
  [ 1.34142916e+05 -2.52917569e+05 -1.34439686e+05]
  [ 1.43731920e+05 -7.01591298e+05 -1.89307941e+05]]

 [[-2.98927908e+05 -1.42904253e+05 -2.34445512e+04]
  [-4.22841092e+02 -1.15107916e+05 -2.34809774e+04]
  [ 3.71828715e+04 -1.20269314e+05 -2.89175801e+04]
  [ 7.02581401e+04 -1.27026773e+05 -3.86901433e+04]
  [ 9.75305788e+04 -1.34496726e+05 -5.13586538e+04]
  [ 1.18545122e+05 -1.41860540e+05 -6.54270762e+04]
  [ 1.33516120e+05 -1.48486062e+05 -7.95890277e+04]
  [ 1.43100033e+05 -1.53971082e+05 -9.28577098e+04]
  [ 1.48172998e+05 -1.58126665e+05 -1.04591806e+05]
  [ 2.90141593e+05 -6.29118088e+05 -1.63171537e+05]]

 [[-5.10046476e+05  1.03242785e+04 -8.91234028e+04]
  [-6.54985815e+04  3.32975354e+04 -8.11868408e+04]
  [-2.80174673e+04  2.35824934e+04 -7.71818960e+04]
  [ 6.73803103e+03  1.03583388e+04 -7.68500882e+04]
  [ 3.72919632e+04 -5.09447067e+03 -7.95406355e+04]
  [ 6.27963567e+04 -2.14980983e+04 -8.43852250e+04]
  [ 8.30000416e+04 -3.77534813e+04 -9.04764831e+04]
  [ 9.81215729e+04 -5.30335310e+04 -9.70038587e+04]
  [ 1.08686296e+05 -6.68004626e+04 -1.03329107e+05]
  [ 3.78941339e+05 -5.37776837e+05 -1.51345923e+05]]

 [[-6.33400634e+05  4.00048310e+04 -1.68690914e+05]
  [-1.00441319e+05  6.09869190e+04 -1.56220324e+05]
  [-7.35492868e+04  5.36991810e+04 -1.45066867e+05]
  [-4.71129715e+04  4.35153025e+04 -1.35617178e+05]
  [-2.21718241e+04  3.11921603e+04 -1.28037743e+05]
  [ 4.64000970e+02  1.75466421e+04 -1.22285372e+05]
  [ 2.02648987e+04  3.35670035e+03 -1.18154303e+05]
  [ 3.69809223e+04 -1.07098426e+04 -1.15340685e+05]
  [ 5.06017330e+04 -2.41330838e+04 -1.13505438e+05]
  [ 4.27758811e+05 -4.69831337e+05 -1.45957231e+05]]

 [[-1.08897902e+06  1.15782553e+05 -3.08624443e+05]
  [-5.15580223e+05  1.36214129e+05 -2.57308523e+05]
  [-5.08369963e+05  1.34075972e+05 -2.05184050e+05]
  [-4.98479775e+05  1.30963743e+05 -1.53190142e+05]
  [-4.86280057e+05  1.26986962e+05 -1.02190844e+05]
  [-4.72229919e+05  1.22282647e+05 -5.29135552e+04]
  [-4.56826111e+05  1.17006147e+05 -5.91421017e+03]
  [-4.40555570e+05  1.11320185e+05  3.84304819e+04]
  [-4.23859133e+05  1.05383842e+05  7.99093900e+04]
  [ 3.85356725e+04 -2.99283407e+05  9.31131814e+04]]]
[[[ 8.77975807e+05 -1.73053779e+04 -2.96823009e+04]
  [ 3.70346527e+05 -6.03643680e+03 -5.86855869e+04]
  [ 3.54889634e+05 -9.65089423e+03 -8.74305054e+04]
  [ 3.39478195e+05 -1.48950087e+04 -1.15764815e+05]
  [ 3.24400509e+05 -2.15715708e+04 -1.43551220e+05]
  [ 3.09901213e+05 -2.94417692e+04 -1.70669311e+05]
  [ 2.96173491e+05 -3.82417317e+04 -1.97016467e+05]
  [ 2.83356144e+05 -4.76990108e+04 -2.22507890e+05]
  [ 2.71535009e+05 -5.75474434e+04 -2.47075981e+05]
  [-2.00381022e+05 -3.05713927e+05 -2.80768107e+05]]

 [[ 5.37045328e+05  3.43150773e+04  2.50037479e+04]
  [ 6.58233567e+04  4.66376654e+04  1.87394945e+04]
  [ 5.38145589e+04  4.23024700e+04  1.25222995e+04]
  [ 4.23310192e+04  3.60801056e+04  6.43098644e+03]
  [ 3.17005747e+04  2.82742779e+04  5.25839249e+02]
  [ 2.21708126e+04  1.92414646e+04 -5.14969711e+03]
  [ 1.39016484e+04  9.36007071e+03 -1.05660015e+04]
  [ 6.96760059e+03 -9.98000590e+02 -1.57037855e+04]
  [ 1.36762484e+03 -1.14903573e+04 -2.05508156e+04]
  [-4.28331542e+05 -2.81204764e+05 -3.82577442e+04]]

 [[ 5.03379322e+05  3.34692848e+04 -2.17499381e+04]
  [ 7.34068848e+04  4.65993038e+04 -2.83883097e+04]
  [ 5.82584419e+04  4.06269911e+04 -3.44227669e+04]
  [ 4.40567512e+04  3.21595011e+04 -3.98155653e+04]
  [ 3.12878977e+04  2.17130063e+04 -4.45802992e+04]
  [ 2.02787671e+04  9.87161906e+03 -4.87669104e+04]
  [ 1.11933178e+04 -2.77294934e+03 -5.24450925e+04]
  [ 4.04913704e+03 -1.56716450e+04 -5.56894868e+04]
  [-1.25299626e+03 -2.83530585e+04 -5.85687480e+04]
  [-3.84805322e+05 -3.23599412e+05 -7.83312094e+04]]

 [[ 4.51937539e+05  1.27063205e+04 -8.56025762e+04]
  [ 7.90180052e+04  2.69125824e+04 -9.19020053e+04]
  [ 6.10903687e+04  1.94221379e+04 -9.65566527e+04]
  [ 4.47320382e+04  8.97326162e+03 -9.96824316e+04]
  [ 3.06025977e+04 -3.63813986e+03 -1.01509347e+05]
  [ 1.90685912e+04 -1.75530298e+04 -1.02325656e+05]
  [ 1.02207346e+04 -3.19525591e+04 -1.02425444e+05]
  [ 3.92760791e+03 -4.61325037e+04 -1.02069718e+05]
  [-9.44303493e+01 -5.95433981e+04 -1.01464608e+05]
  [-3.24373907e+05 -3.81073852e+05 -1.23072634e+05]]

 [[ 3.72850608e+05 -4.20880235e+04 -1.53725649e+05]
  [ 8.02382856e+04 -2.59284800e+04 -1.58657947e+05]
  [ 6.20198723e+04 -3.35103727e+04 -1.60572723e+05]
  [ 4.59602830e+04 -4.38767648e+04 -1.59899169e+05]
  [ 3.28064135e+04 -5.60531408e+04 -1.57260129e+05]
  [ 2.28565610e+04 -6.90430661e+04 -1.53332608e+05]
  [ 1.60260053e+04 -8.19617201e+04 -1.48733754e+05]
  [ 1.19616450e+04 -9.41152415e+04 -1.43952354e+05]
  [ 1.01645147e+04 -1.05026607e+05 -1.39325761e+05]
  [-2.39512195e+05 -4.51296978e+05 -1.63417880e+05]]

 [[ 2.54933363e+05 -1.25797886e+05 -1.90188100e+05]
  [ 7.38257225e+04 -1.06311973e+05 -1.93271809e+05]
  [ 6.09827734e+04 -1.11277430e+05 -1.92722109e+05]
  [ 5.01588075e+04 -1.17906097e+05 -1.89228074e+05]
  [ 4.19627486e+04 -1.25433116e+05 -1.83699872e+05]
  [ 3.65227146e+04 -1.33112426e+05 -1.77056774e+05]
  [ 3.35930258e+04 -1.40323646e+05 -1.70072304e+05]
  [ 3.27043193e+04 -1.46624382e+05 -1.63300013e+05]
  [ 3.33041161e+04 -1.51754743e+05 -1.57068728e+05]
  [-1.25957162e+05 -5.19610907e+05 -1.86112796e+05]]

 [[ 9.27663164e+04 -1.86116561e+05 -1.64697075e+05]
  [ 5.48157994e+04 -1.63299093e+05 -1.66508722e+05]
  [ 5.38592796e+04 -1.64835325e+05 -1.66147801e+05]
  [ 5.36109153e+04 -1.66801715e+05 -1.64089086e+05]
  [ 5.42873440e+04 -1.68885425e+05 -1.60938802e+05]
  [ 5.58429985e+04 -1.70785695e+05 -1.57280357e+05]
  [ 5.80490651e+04 -1.72259377e+05 -1.53569424e+05]
  [ 6.05925245e+04 -1.73142969e+05 -1.50093328e+05]
  [ 6.31604597e+04 -1.73353831e+05 -1.46982038e+05]
  [ 8.37650274e+03 -5.60094044e+05 -1.83759973e+05]]

 [[-1.01278630e+05 -1.66712112e+05 -1.10693944e+05]
  [ 1.92539468e+04 -1.43087878e+05 -1.11050722e+05]
  [ 3.15710013e+04 -1.44229913e+05 -1.11774088e+05]
  [ 4.31202369e+04 -1.45749239e+05 -1.12868523e+05]
  [ 5.36267877e+04 -1.47454884e+05 -1.14312417e+05]
  [ 6.28645282e+04 -1.49148134e+05 -1.16043784e+05]
  [ 7.06770605e+04 -1.50649870e+05 -1.17959609e+05]
  [ 7.69895063e+04 -1.51818868e+05 -1.19928138e+05]
  [ 8.18078301e+04 -1.52559844e+05 -1.21808007e+05]
  [ 1.41171173e+05 -5.54865684e+05 -1.64885282e+05]]

 [[-2.93536238e+05 -9.20888206e+04 -9.16443091e+04]
  [-2.60505140e+04 -7.00414388e+04 -8.90772808e+04]
  [-6.10855649e+03 -7.31180259e+04 -8.81421810e+04]
  [ 1.26919133e+04 -7.73833187e+04 -8.87104569e+04]
  [ 2.97494866e+04 -8.24847388e+04 -9.05300003e+04]
  [ 4.46519206e+04 -8.80435795e+04 -9.32718011e+04]
  [ 5.71835664e+04 -9.37017436e+04 -9.65801045e+04]
  [ 6.73052780e+04 -9.91552082e+04 -1.00115701e+05]
  [ 7.51174226e+04 -1.04171632e+05 -1.03586328e+05]
  [ 2.49983473e+05 -5.13371265e+05 -1.46275710e+05]]

 [[-9.97974321e+05  1.83985936e+05 -2.13204034e+05]
  [-6.20267873e+05  2.03691742e+05 -1.65783391e+05]
  [-6.04249169e+05  1.98955666e+05 -1.18959351e+05]
  [-5.86231804e+05  1.92214314e+05 -7.33398162e+04]
  [-5.66830631e+05  1.83846166e+05 -2.94136796e+04]
  [-5.46626744e+05  1.74275912e+05  1.24622634e+04]
  [-5.26129808e+05  1.63929826e+05  5.20597781e+04]
  [-5.05757144e+05  1.53200115e+05  8.92637476e+04]
  [-4.85828127e+05  1.42421623e+05  1.24050431e+05]
  [-1.93816514e+05 -2.62887545e+05  1.21871898e+05]]]
[[[ 8.82901650e+05 -1.18497374e+04 -5.43641292e+03]
  [ 3.68233223e+05 -2.11471711e+03 -2.85704229e+04]
  [ 3.58853108e+05 -3.88570171e+03 -5.16222093e+04]
  [ 3.49306487e+05 -6.48797162e+03 -7.45091914e+04]
  [ 3.39711284e+05 -9.85950888e+03 -9.71527695e+04]
  [ 3.30176398e+05 -1.39223954e+04 -1.19479430e+05]
  [ 3.20798836e+05 -1.85863855e+04 -1.41421616e+05]
  [ 3.11661689e+05 -2.37528019e+04 -1.62918365e+05]
  [ 3.02832980e+05 -2.93184835e+04 -1.83915711e+05]
  [-1.88295612e+05 -2.35375711e+05 -2.11441446e+05]]

 [[ 5.43318362e+05  3.15916030e+04  4.75554101e+04]
  [ 5.63400191e+04  4.21646854e+04  4.34082059e+04]
  [ 4.99123224e+04  4.02104431e+04  3.91478154e+04]
  [ 4.35678942e+04  3.73536571e+04  3.48176103e+04]
  [ 3.74261786e+04  3.36786220e+04  3.04584724e+04]
  [ 3.15911423e+04  2.92896568e+04  2.61081376e+04]
  [ 2.61479163e+04  2.43052642e+04  2.18008080e+04]
  [ 2.11609394e+04  1.88519793e+04  1.75669900e+04]
  [ 1.66735642e+04  1.30584141e+04  1.34335046e+04]
  [-4.43066458e+05 -2.08329723e+05  5.49755564e+02]]

 [[ 5.19451460e+05  3.70139450e+04  2.31089598e+04]
  [ 6.27196923e+04  4.83184646e+04  1.85686680e+04]
  [ 5.48695299e+04  4.57243725e+04  1.40473739e+04]
  [ 4.71783421e+04  4.19522998e+04  9.59186104e+03]
  [ 3.98178378e+04  3.71351111e+04  5.24057169e+03]
  [ 3.29317953e+04  3.14346411e+04  1.02379969e+03]
  [ 2.66311275e+04  2.50310306e+04 -3.03552428e+03]
  [ 2.09919568e+04  1.81119285e+04 -6.92068565e+03]
  [ 1.60564406e+04  1.08625573e+04 -1.06199034e+04]
  [-4.10772287e+05 -2.28788621e+05 -2.53124004e+04]]

 [[ 4.86382440e+05  3.72686053e+04 -1.06028920e+04]
  [ 6.86359790e+04  4.93790167e+04 -1.53894132e+04]
  [ 5.92700459e+04  4.60410868e+04 -1.99000781e+04]
  [ 5.01831024e+04  4.12195693e+04 -2.40966035e+04]
  [ 4.16159124e+04  3.51180266e+04 -2.79611022e+04]
  [ 3.37597998e+04  2.79795278e+04 -3.14928480e+04]
  [ 2.67501681e+04  2.00678524e+04 -3.47039274e+04]
  [ 2.06658613e+04  1.16493970e+04 -3.76145819e+04]
  [ 1.55334231e+04  2.97761959e+03 -4.02489182e+04]
  [-3.70229618e+05 -2.56518142e+05 -5.67501468e+04]]

 [[ 4.39870890e+05  2.71140974e+04 -5.33861848e+04]
  [ 7.28879375e+04  4.01742812e+04 -5.81177930e+04]
  [ 6.22793101e+04  3.61531399e+04 -6.21513907e+04]
  [ 5.21134847e+04  3.03914527e+04 -6.54827328e+04]
  [ 4.27093053e+04  2.31800587e+04 -6.81493584e+04]
  [ 3.43030148e+04  1.48580612e+04 -7.02193983e+04]
  [ 2.70415979e+04  5.78241332e+03 -7.17788112e+04]
  [ 2.09865860e+04 -3.69957366e+03 -7.29192927e+04]
  [ 1.61256817e+04 -1.32718759e+04 -7.37284647e+04]
  [-3.18468925e+05 -2.93507162e+05 -9.20052629e+04]]

 [[ 3.74316500e+05  8.68503793e+02 -9.99259744e+04]
  [ 7.36158799e+04  1.51587963e+04 -1.04154927e+05]
  [ 6.27946057e+04  1.08724573e+04 -1.07143018e+05]
  [ 5.25761314e+04  4.78662048e+03 -1.08955492e+05]
  [ 4.33391641e+04 -2.73627642e+03 -1.09728888e+05]
  [ 3.53400871e+04 -1.12844960e+04 -1.09644446e+05]
  [ 2.87095128e+04 -2.04388353e+04 -1.08900494e+05]
  [ 2.34649655e+04 -2.98078271e+04 -1.07688761e+05]
  [ 1.95339440e+04 -3.90526422e+04 -1.06177499e+05]
  [-2.51990621e+05 -3.39724971e+05 -1.26415475e+05]]

 [[ 2.83671889e+05 -4.16905085e+04 -1.37169616e+05]
  [ 6.83679371e+04 -2.57820907e+04 -1.40454617e+05]
  [ 5.94423260e+04 -2.95162710e+04 -1.42086188e+05]
  [ 5.11499588e+04 -3.47705435e+04 -1.42210887e+05]
  [ 4.38623040e+04 -4.11857212e+04 -1.41070307e+05]
  [ 3.78048175e+04 -4.83630640e+04 -1.38956258e+05]
  [ 3.30599117e+04 -5.59085327e+04 -1.36167311e+05]
  [ 2.95895036e+04 -6.34676583e+04 -1.32974661e+05]
  [ 2.72680878e+04 -7.07476845e+04 -1.29600970e+05]
  [-1.68291929e+05 -3.90159184e+05 -1.52556638e+05]]

 [[ 1.64266746e+05 -8.67045732e+04 -1.49650442e+05]
  [ 5.45466046e+04 -6.90203045e+04 -1.51765389e+05]
  [ 5.03114998e+04 -7.15097457e+04 -1.52351545e+05]
  [ 4.64803722e+04 -7.49895590e+04 -1.51576862e+05]
  [ 4.33085884e+04 -7.91987006e+04 -1.49697617e+05]
  [ 4.09300331e+04 -8.38504819e+04 -1.47009628e+05]
  [ 3.93646538e+04 -8.86656159e+04 -1.43803101e+05]
  [ 3.85426292e+04 -9.33975081e+04 -1.40329559e+05]
  [ 3.83358893e+04 -9.78475045e+04 -1.36783913e+05]
  [-6.89597460e+04 -4.33304473e+05 -1.63617770e+05]]

 [[ 1.94835121e+04 -1.09357363e+05 -1.36059726e+05]
  [ 3.07349633e+04 -9.04431176e+04 -1.36891182e+05]
  [ 3.31117240e+04 -9.19327748e+04 -1.36951797e+05]
  [ 3.54800516e+04 -9.40169443e+04 -1.36337442e+05]
  [ 3.78880639e+04 -9.65396011e+04 -1.35187281e+05]
  [ 4.03351195e+04 -9.93270328e+04 -1.33655355e+05]
  [ 4.27790750e+04 -1.02207076e+05 -1.31885376e+05]
  [ 4.51508012e+04 -1.05024529e+05 -1.29993618e+05]
  [ 4.73707808e+04 -1.07651211e+05 -1.28061312e+05]
  [ 3.78475152e+04 -4.55756121e+05 -1.59025728e+05]]

 [[-7.74324905e+05  1.56966191e+05 -1.35211472e+05]
  [-6.38238552e+05  1.75156062e+05 -9.56968699e+04]
  [-6.27657476e+05  1.72017107e+05 -5.64821665e+04]
  [-6.15210401e+05  1.67496682e+05 -1.79818634e+04]
  [-6.01190888e+05  1.61797055e+05  1.94317449e+04]
  [-5.85923461e+05  1.55153875e+05  5.54479340e+04]
  [-5.69742022e+05  1.47815239e+05  8.98293509e+04]
  [-5.52969592e+05  1.40023049e+05  1.22415423e+05]
  [-5.35901944e+05  1.31998617e+05  1.53118296e+05]
  [-4.30193050e+05 -2.29201763e+05  1.48625504e+05]]]
[[[ 8.85865259e+05 -8.85504988e+03  9.98002001e+03]
  [ 3.65339852e+05 -4.15819036e+02 -9.23259707e+03]
  [ 3.59093273e+05 -1.40828386e+03 -2.84184829e+04]
  [ 3.52665347e+05 -2.87626756e+03 -4.75290402e+04]
  [ 3.46111653e+05 -4.79570597e+03 -6.65169456e+04]
  [ 3.39485677e+05 -7.13578385e+03 -8.53366775e+04]
  [ 3.32837730e+05 -9.85992886e+03 -1.03944982e+05]
  [ 3.26214069e+05 -1.29269452e+04 -1.22301268e+05]
  [ 3.19656206e+05 -1.62922285e+04 -1.40367932e+05]
  [-1.83962874e+05 -1.92142932e+05 -1.63297045e+05]]

 [[ 5.46880558e+05  2.78389523e+04  5.86378534e+04]
  [ 4.84073319e+04  3.69137287e+04  5.57294447e+04]
  [ 4.45401293e+04  3.58837129e+04  5.27074449e+04]
  [ 4.06657317e+04  3.43645290e+04  4.95947444e+04]
  [ 3.68347592e+04  3.23859918e+04  4.64142346e+04]
  [ 3.30940179e+04  2.99859559e+04  4.31884278e+04]
  [ 2.94853060e+04  2.72088582e+04  3.99391281e+04]
  [ 2.60445188e+04  2.41040870e+04  3.66871565e+04]
  [ 2.28010736e+04  2.07242764e+04  3.34521323e+04]
  [-4.56135459e+05 -1.66415982e+05  2.39395780e+04]]

 [[ 5.28301202e+05  3.36465183e+04  4.40704445e+04]
  [ 5.33937154e+04  4.33047236e+04  4.08837914e+04]
  [ 4.88050543e+04  4.19851379e+04  3.76202886e+04]
  [ 4.42216103e+04  4.00442179e+04  3.43068302e+04]
  [ 3.97129518e+04  3.75260432e+04  3.09690682e+04]
  [ 3.53422604e+04  3.44861183e+04  2.76310411e+04]
  [ 3.11645366e+04  3.09889114e+04  2.43149222e+04]
  [ 2.72253559e+04  2.71051549e+04  2.10408768e+04]
  [ 2.35601993e+04  2.29090898e+04  1.78270091e+04]
  [-4.30160879e+05 -1.77496959e+05  6.96679932e+03]]

 [[ 5.04156606e+05  3.79997456e+04  2.44418650e+04]
  [ 5.83606819e+04  4.82895307e+04  2.10096891e+04]
  [ 5.29723695e+04  4.66201034e+04  1.75752634e+04]
  [ 4.76111522e+04  4.41727592e+04  1.41681694e+04]
  [ 4.23718878e+04  4.10120736e+04  1.08141780e+04]
  [ 3.73387959e+04  3.72185491e+04  7.53511155e+03]
  [ 3.25828230e+04  3.28844994e+04  4.34895901e+03]
  [ 2.81600198e+04  2.81096411e+04  1.27018324e+03]
  [ 2.41109320e+04  2.29967319e+04 -1.68985069e+03]
  [-3.99033735e+05 -1.91925297e+05 -1.39990274e+04]]

 [[ 4.72369653e+05  3.90109663e+04 -9.89661706e+02]
  [ 6.27921312e+04  4.99900713e+04 -4.58330049e+03]
  [ 5.66065226e+04  4.79332597e+04 -8.04917106e+03]
  [ 5.04822495e+04  4.49298932e+04 -1.13587598e+04]
  [ 4.45458758e+04  4.10721446e+04 -1.44921449e+04]
  [ 3.89066259e+04  3.64735625e+04 -1.74373547e+04]
  [ 3.36526953e+04  3.12623914e+04 -2.01892383e+04]
  [ 2.88493739e+04  2.55746227e+04 -2.27480461e+04]
  [ 2.45388967e+04  1.95473721e+04 -2.51179221e+04]
  [-3.61430983e+05 -2.10993023e+05 -3.89342866e+04]]

 [[ 4.30177390e+05  3.40292820e+04 -3.19285624e+04]
  [ 6.58398483e+04  4.57763744e+04 -3.55284469e+04]
  [ 5.90373455e+04  4.33602885e+04 -3.88032276e+04]
  [ 5.23419776e+04  3.98482832e+04 -4.17328180e+04]
  [ 4.59154586e+04  3.53652414e+04 -4.43136057e+04]
  [ 3.98925629e+04  3.00629307e+04 -4.65559457e+04]
  [ 3.43763669e+04  2.41098097e+04 -4.84808235e+04]
  [ 2.94365569e+04  1.76807796e+04 -5.01162005e+04]
  [ 2.51104976e+04  1.09478395e+04 -5.14935096e+04]
  [-3.15724530e+05 -2.35937799e+05 -6.68472868e+04]]

 [[ 3.74189817e+05  2.03054693e+04 -6.58803098e+04]
  [ 6.62602587e+04  3.29315727e+04 -6.92560026e+04]
  [ 5.93353716e+04  3.03061831e+04 -7.20571623e+04]
  [ 5.25639661e+04  2.65085918e+04 -7.42823922e+04]
  [ 4.61375136e+04  2.16934621e+04 -7.59575906e+04]
  [ 4.02091374e+04  1.60460592e+04 -7.71299953e+04]
  [ 3.48882228e+04  9.76826764e+03 -7.78610346e+04]
  [ 3.02397240e+04  3.06504034e+03 -7.82190869e+04]
  [ 2.62874243e+04 -3.86736345e+03 -7.82730506e+04]
  [-2.60153303e+05 -2.67165921e+05 -9.52376907e+04]]

 [[ 3.00882456e+05 -3.02476024e+03 -9.72413051e+04]
  [ 6.24759267e+04  1.06094279e+04 -1.00120593e+05]
  [ 5.63473022e+04  8.06725426e+03 -1.02196210e+05]
  [ 5.03923084e+04  4.40725603e+03 -1.03492819e+05]
  [ 4.48107427e+04 -2.03646465e+02 -1.04073055e+05]
  [ 3.97551680e+04 -5.56813637e+03 -1.04027015e+05]
  [ 3.53258617e+04 -1.14748033e+04 -1.03460385e+05]
  [ 3.15719090e+04 -1.77134102e+04 -1.02483105e+05]
  [ 2.84971097e+04 -2.40875339e+04 -1.01199969e+05]
  [-1.93404895e+05 -3.02974615e+05 -1.20002023e+05]]

 [[ 2.07844525e+05 -3.19886379e+04 -1.18495962e+05]
  [ 5.28932133e+04 -1.72829094e+04 -1.20631985e+05]
  [ 4.88246431e+04 -1.94117229e+04 -1.21884833e+05]
  [ 4.48912214e+04 -2.24659445e+04 -1.22299544e+05]
  [ 4.12617866e+04 -2.62952376e+04 -1.21962996e+05]
  [ 3.80587730e+04 -3.07234076e+04 -1.20990273e+05]
  [ 3.53545991e+04 -3.55637378e+04 -1.19509876e+05]
  [ 3.31744262e+04 -4.06330305e+04 -1.17650234e+05]
  [ 3.15035717e+04 -4.57628738e+04 -1.15529156e+05]
  [-1.15741155e+05 -3.38475534e+05 -1.36548067e+05]]

 [[-5.57277750e+05  1.60852216e+05 -8.04915677e+04]
  [-6.13361764e+05  1.75943011e+05 -4.85185052e+04]
  [-6.09461094e+05  1.73293549e+05 -1.64233175e+04]
  [-6.04010479e+05  1.69453868e+05  1.55215651e+04]
  [-5.97050028e+05  1.64570983e+05  4.70400102e+04]
  [-5.88671909e+05  1.58819565e+05  7.78691228e+04]
  [-5.79013956e+05  1.52388169e+05  1.07774360e+05]
  [-5.68248951e+05  1.45466354e+05  1.36560829e+05]
  [-5.56571595e+05  1.38233974e+05  1.64079751e+05]
  [-6.08400405e+05 -1.69406586e+05  1.64566965e+05]]]
[[[ 8.87853038e+05 -7.00435050e+03  2.06512559e+04]
  [ 3.62610279e+05  4.01113187e+02  4.23280258e+03]
  [ 3.58172278e+05 -2.08660454e+02 -1.21787296e+04]
  [ 3.53574803e+05 -1.11409709e+03 -2.85526290e+04]
  [ 3.48847044e+05 -2.30438443e+03 -4.48586469e+04]
  [ 3.44017759e+05 -3.76552157e+03 -6.10672599e+04]
  [ 3.39114833e+05 -5.48065255e+03 -7.71499134e+04]
  [ 3.34164880e+05 -7.43045656e+03 -9.30792418e+04]
  [ 3.29192909e+05 -9.59357980e+03 -1.08829263e+05]
  [-1.83233084e+05 -1.62861879e+05 -1.28322360e+05]]

 [[ 5.49205036e+05  2.44952980e+04  6.48597827e+04]
  [ 4.21519303e+04  3.23884487e+04  6.27188611e+04]
  [ 3.96255736e+04  3.17845731e+04  6.04861542e+04]
  [ 3.70744287e+04  3.08894512e+04  5.81744369e+04]
  [ 3.45227480e+04  2.97155621e+04  5.57968131e+04]
  [ 3.19936855e+04  2.82789792e+04  5.33665346e+04]
  [ 2.95088403e+04  2.65989218e+04  5.08968289e+04]
  [ 2.70878735e+04  2.46972360e+04  4.84007396e+04]
  [ 2.47482074e+04  2.25978296e+04  4.58909827e+04]
  [-4.67509242e+05 -1.39291563e+05  3.86885643e+04]]

 [[ 5.33946810e+05  2.96199113e+04  5.53566396e+04]
  [ 4.60501867e+04  3.79717712e+04  5.30243861e+04]
  [ 4.31208467e+04  3.72203010e+04  5.06108130e+04]
  [ 4.01660304e+04  3.61081906e+04  4.81311003e+04]
  [ 3.72177881e+04  3.46529904e+04  4.56004631e+04]
  [ 3.43064248e+04  3.28771963e+04  4.30339363e+04]
  [ 3.14598337e+04  3.08075396e+04  4.04461842e+04]
  [ 2.87029567e+04  2.84741761e+04  3.78513373e+04]
  [ 2.60573833e+04  2.59098136e+04  3.52628563e+04]
  [-4.45927777e+05 -1.45951700e+05  2.70921806e+04]]

 [[ 5.14965435e+05  3.43954902e+04  4.28819537e+04]
  [ 5.00426221e+04  4.32414335e+04  4.03643528e+04]
  [ 4.66636136e+04  4.23114281e+04  3.77893791e+04]
  [ 4.32602774e+04  4.09376950e+04  3.51746122e+04]
  [ 3.98748813e+04  3.91448563e+04  3.25370392e+04]
  [ 3.65469244e+04  3.69642928e+04  2.98928300e+04]
  [ 3.33121717e+04  3.44330219e+04  2.72571679e+04]
  [ 3.02019039e+04  3.15924323e+04  2.46441323e+04]
  [ 2.72424051e+04  2.84869466e+04  2.20666292e+04]
  [-4.20719208e+05 -1.54237782e+05  1.28255409e+04]]

 [[ 4.91112801e+05  3.80634055e+04  2.68661199e+04]
  [ 5.38921593e+04  4.74407038e+04  2.41879871e+04]
  [ 5.00386802e+04  4.63037389e+04  2.14965455e+04]
  [ 4.61648736e+04  4.46279824e+04  1.88112736e+04]
  [ 4.23259803e+04  4.24476131e+04  1.61498657e+04]
  [ 3.85728945e+04  3.98059021e+04  1.35280687e+04]
  [ 3.49507841e+04  3.67534596e+04  1.09596291e+04]
  [ 3.14980820e+04  3.33462882e+04  8.45633471e+03]
  [ 2.82458714e+04  2.96437653e+04  6.02812696e+03]
  [-3.91153792e+05 -1.64817725e+05 -4.37133456e+03]]

 [[ 4.60895803e+05  3.94868552e+04  6.96140733e+03]
  [ 5.72071044e+04  4.94359017e+04  4.17580538e+03]
  [ 5.29039154e+04  4.80761546e+04  1.44819214e+03]
  [ 4.85881393e+04  4.60770695e+04 -1.20141773e+03]
  [ 4.43305799e+04  4.34850234e+04 -3.75685173e+03]
  [ 4.01953673e+04  4.03582841e+04 -6.20572586e+03]
  [ 3.62380482e+04  3.67643402e+04 -8.53918482e+03]
  [ 3.25042939e+04  3.27769900e+04 -1.07514887e+04]
  [ 2.90292477e+04  2.84733936e+04 -1.28395057e+04]
  [-3.56367996e+05 -1.78495708e+05 -2.44631189e+04]]

 [[ 4.22447139e+05  3.71839836e+04 -1.66049221e+04]
  [ 5.93922086e+04  4.77502493e+04 -1.94074588e+04]
  [ 5.47563690e+04  4.61809780e+04 -2.20493000e+04]
  [ 5.01193512e+04  4.38802759e+04 -2.45124505e+04]
  [ 4.55687941e+04  4.09086013e+04 -2.67859609e+04]
  [ 4.11825055e+04  3.73412744e+04 -2.88653721e+04]
  [ 3.70259443e+04  3.32645975e+04 -3.07518063e+04]
  [ 3.31506920e+04  2.87717103e+04 -3.24508359e+04]
  [ 2.95939111e+04  2.39585029e+04 -3.39712637e+04]
  [-3.15390353e+05 -1.96059096e+05 -4.68633252e+04]]

 [[ 3.73596136e+05  2.96389456e+04 -4.25472280e+04]
  [ 5.96230565e+04  4.08733378e+04 -4.52346916e+04]
  [ 5.49176528e+04  3.91565595e+04 -4.76330676e+04]
  [ 5.02237060e+04  3.66469705e+04 -4.97300081e+04]
  [ 4.56436517e+04  3.34185604e+04 -5.15245354e+04]
  [ 4.12663945e+04  2.95626967e+04 -5.30255773e+04]
  [ 3.71642296e+04  2.51828957e+04 -5.42499598e+04]
  [ 3.33912357e+04  2.03893562e+04 -5.52201274e+04]
  [ 2.99830791e+04  1.52937172e+04 -5.59618484e+04]
  [-2.67249598e+05 -2.17921156e+05 -7.01627897e+04]]

 [[ 3.12148764e+05  1.60761798e+04 -6.81470930e+04]
  [ 5.68899822e+04  2.80268258e+04 -7.05541844e+04]
  [ 5.25664919e+04  2.62827574e+04 -7.25427073e+04]
  [ 4.82623802e+04  2.37404299e+04 -7.41094377e+04]
  [ 4.40870776e+04  2.04825246e+04 -7.52671659e+04]
  [ 4.01332450e+04  1.66102995e+04 -7.60419623e+04]
  [ 3.64733952e+04  1.22372697e+04 -7.64697191e+04]
  [ 3.31584717e+04  7.48273714e+03 -7.65924299e+04]
  [ 3.02182282e+04  2.46574911e+03 -7.64546330e+04]
  [-2.11236366e+05 -2.43539834e+05 -9.20315306e+04]]

 [[-3.94881740e+05  1.63120030e+05 -2.05674305e+04]
  [-5.77619956e+05  1.75576529e+05  5.22872842e+03]
  [-5.76268798e+05  1.73505212e+05  3.10148125e+04]
  [-5.73889137e+05  1.70478411e+05  5.66521275e+04]
  [-5.70464883e+05  1.66585872e+05  8.19991376e+04]
  [-5.66007038e+05  1.61937377e+05  1.06917321e+05]
  [-5.60553392e+05  1.56655861e+05  1.31276891e+05]
  [-5.54166144e+05  1.50870433e+05  1.54961784e+05]
  [-5.46927898e+05  1.44709940e+05  1.77873465e+05]
  [-7.14653574e+05 -1.14787502e+05  1.81762498e+05]]]
[[[ 8.89283931e+05 -5.76362981e+03  2.84781937e+04]
  [ 3.60225941e+05  8.16238931e+02  1.41481653e+04]
  [ 3.56919666e+05  4.15656176e+02 -1.82418981e+02]
  [ 3.53479453e+05 -1.80627979e+02 -1.44930108e+04]
  [ 3.49921955e+05 -9.67202359e+02 -2.87632451e+04]
  [ 3.46263830e+05 -1.93701012e+03 -4.29730794e+04]
  [ 3.42521531e+05 -3.08147765e+03 -5.71029260e+04]
  [ 3.38711128e+05 -4.39066790e+03 -7.11337766e+04]
  [ 3.34848133e+05 -5.85345341e+03 -8.50473154e+04]
  [-1.84124497e+05 -1.41637687e+05 -1.01921853e+05]]

 [[ 5.50856924e+05  2.17195284e+04  6.86865347e+04]
  [ 3.72095069e+04  2.86818199e+04  6.70490503e+04]
  [ 3.54560773e+04  2.82995146e+04  6.53403758e+04]
  [ 3.36774733e+04  2.77310797e+04  6.35680881e+04]
  [ 3.18864766e+04  2.69824203e+04  6.17400571e+04]
  [ 3.00955247e+04  2.60612097e+04  5.98643574e+04]
  [ 2.83165190e+04  2.49767282e+04  5.79491811e+04]
  [ 2.65606536e+04  2.37396718e+04  5.60027526e+04]
  [ 2.48382684e+04  2.23619391e+04  5.40332480e+04]
  [-4.77182895e+05 -1.20209923e+05  4.84380628e+04]]

 [[ 5.37888956e+05  2.60572417e+04  6.20691787e+04]
  [ 4.03053094e+04  3.33841496e+04  6.02975274e+04]
  [ 3.83090244e+04  3.29194431e+04  5.84570267e+04]
  [ 3.62844942e+04  3.22291929e+04  5.65566283e+04]
  [ 3.42480775e+04  3.13213845e+04  5.46055090e+04]
  [ 3.22156030e+04  3.02063624e+04  5.26129613e+04]
  [ 3.02020986e+04  2.88965883e+04  5.05882891e+04]
  [ 2.82215550e+04  2.74063554e+04  4.85407097e+04]
  [ 2.62867286e+04  2.57514741e+04  4.64792642e+04]
  [-4.58873099e+05 -1.24560945e+05  4.01853170e+04]]

 [[ 5.22254162e+05  3.04040780e+04  5.35865313e+04]
  [ 4.35132373e+04  3.81219993e+04  5.16800246e+04]
  [ 4.12467454e+04  3.75584705e+04  4.97124446e+04]
  [ 3.89490312e+04  3.67224144e+04  4.76942402e+04]
  [ 3.66410345e+04  3.56246319e+04  4.56359197e+04]
  [ 3.43428814e+04  3.42790654e+04  4.35479230e+04]
  [ 3.20735027e+04  3.27024339e+04  4.14405040e+04]
  [ 2.98503081e+04  3.09138080e+04  3.93236279e+04]
  [ 2.76889245e+04  2.89341442e+04  3.72068826e+04]
  [-4.37853338e+05 -1.29753751e+05  3.01337272e+04]]

 [[ 5.03256610e+05  3.44228701e+04  4.28653718e+04]
  [ 4.67147470e+04  4.25589559e+04  4.08311014e+04]
  [ 4.41576612e+04  4.18797199e+04  3.87516519e+04]
  [ 4.15667734e+04  4.08733474e+04  3.66389772e+04]
  [ 3.89687868e+04  3.95543854e+04  3.45047632e+04]
  [ 3.63891636e+04  3.79415355e+04  3.23602882e+04]
  [ 3.38515907e+04  3.60571065e+04  3.02163086e+04]
  [ 3.13775357e+04  3.39263836e+04  2.80829705e+04]
  [ 2.89859059e+04  3.15769448e+04  2.59697460e+04]
  [-4.13660584e+05 -1.36132500e+05  1.80390449e+04]]

 [[ 4.80014736e+05  3.75972685e+04  2.95737895e+04]
  [ 4.97161682e+04  4.61791693e+04  2.74307248e+04]
  [ 4.68642389e+04  4.53695948e+04  2.52697308e+04]
  [ 4.39767232e+04  4.41719268e+04  2.31040578e+04]
  [ 4.10873537e+04  4.26055490e+04  2.09461044e+04]
  [ 3.82279959e+04  4.06952664e+04  1.88072898e+04]
  [ 3.54279087e+04  3.84704930e+04  1.66979770e+04]
  [ 3.27131518e+04  3.59643274e+04  1.46274407e+04]
  [ 3.01061556e+04  3.32125640e+04  1.26038743e+04]
  [-3.85763688e+05 -1.44141563e+05  3.74489990e+03]]

 [[ 4.51435459e+05  3.92050152e+04  1.35344225e+04]
  [ 5.22220305e+04  4.82606539e+04  1.13182960e+04]
  [ 4.91015425e+04  4.73131498e+04  9.12604974e+03]
  [ 4.59448899e+04  4.59137972e+04  6.97167088e+03]
  [ 4.27939429e+04  4.40879238e+04  4.86734067e+03]
  [ 3.96878260e+04  4.18677736e+04  2.82336977e+03]
  [ 3.66619191e+04  3.92913297e+04  8.48222976e+02]
  [ 3.37470895e+04  3.64009906e+04 -1.05138089e+03]
  [ 3.09691759e+04  3.32421761e+04 -2.87031243e+03]
  [-3.53571093e+05 -1.54303359e+05 -1.27151944e+04]]

 [[ 4.16214253e+05  3.83489799e+04 -5.09700260e+03]
  [ 5.38106315e+04  4.79061029e+04 -7.32894361e+03]
  [ 5.04985462e+04  4.68271562e+04 -9.47890530e+03]
  [ 4.71511461e+04  4.52365934e+04 -1.15331935e+04]
  [ 4.38189149e+04  4.31664809e+04 -1.34813426e+04]
  [ 4.05484447e+04  4.06574142e+04 -1.53160310e+04]
  [ 3.73811337e+04  3.77568727e+04 -1.70328474e+04]
  [ 3.43522367e+04  3.45173955e+04 -1.86299423e+04]
  [ 3.14902902e+04  3.09946920e+04 -2.01076063e+04]
  [-3.16459998e+05 -1.67136306e+05 -3.09798698e+04]]

 [[ 3.72894429e+05  3.41108965e+04 -2.56073536e+04]
  [ 5.39251481e+04  4.41954460e+04 -2.77736454e+04]
  [ 5.05725333e+04  4.30135586e+04 -2.97858659e+04]
  [ 4.71865931e+04  4.12745464e+04 -3.16321076e+04]
  [ 4.38255167e+04  3.90171571e+04 -3.33055799e+04]
  [ 4.05422750e+04  3.62901611e+04 -3.48042544e+04]
  [ 3.73830124e+04  3.31501789e+04 -3.61302786e+04]
  [ 3.43859468e+04  2.96593046e+04 -3.72892325e+04]
  [ 3.15807954e+04  2.58826879e+04 -3.82893039e+04]
  [-2.73845920e+05 -1.82978176e+05 -5.02161803e+04]]

 [[-2.79977355e+05  1.49850495e+05  2.58101679e+04]
  [-5.44968255e+05  1.60401422e+05  4.71195453e+04]
  [-5.44248687e+05  1.59011278e+05  6.83030847e+04]
  [-5.42873342e+05  1.56964800e+05  8.92893326e+04]
  [-5.40828313e+05  1.54306242e+05  1.10007443e+05]
  [-5.38111009e+05  1.51091120e+05  1.30388881e+05]
  [-5.34730536e+05  1.47383611e+05  1.50369101e+05]
  [-5.30707439e+05  1.43253755e+05  1.69889093e+05]
  [-5.26072837e+05  1.38774639e+05  1.88896676e+05]
  [-7.74987343e+05 -8.13087743e+04  1.94599736e+05]]]
[[[ 8.89058030e+05  3.38157077e+05  5.89885369e+05]
  [ 3.54262707e+05  3.43895141e+05  5.77068024e+05]
  [ 3.49107322e+05  3.43271852e+05  5.64141374e+05]
  [ 3.43858309e+05  3.42341080e+05  5.51120043e+05]
  [ 3.38532833e+05  3.41107760e+05  5.38018696e+05]
  [ 3.33147974e+05  3.39578372e+05  5.24851962e+05]
  [ 3.27720575e+05  3.37760864e+05  5.11634362e+05]
  [ 3.22267102e+05  3.35664549e+05  4.98380233e+05]
  [ 3.16803514e+05  3.33299996e+05  4.85103669e+05]
  [-2.09557814e+05  2.09956502e+05  4.69329308e+05]]

 [[ 5.50667891e+05  3.75053358e+05  6.13141114e+05]
  [ 2.89567743e+04  3.81075845e+05  6.11743878e+05]
  [ 2.48369262e+04  3.80429120e+05  6.10185443e+05]
  [ 2.07169834e+04  3.79463692e+05  6.08470737e+05]
  [ 1.66126013e+04  3.78185078e+05  6.06605001e+05]
  [ 1.25390758e+04  3.76600512e+05  6.04593747e+05]
  [ 8.51119145e+03  3.74718845e+05  6.02442713e+05]
  [ 4.54307985e+03  3.72550427e+05  6.00157825e+05]
  [ 6.48093316e+02  3.70106963e+05  5.97745156e+05]
  [-5.11345609e+05  2.41104138e+05  5.92352147e+05]]

 [[ 5.39243327e+05  3.91592773e+05  5.92913069e+05]
  [ 3.10499783e+04  3.97884982e+05  5.91420997e+05]
  [ 2.65040885e+04  3.97139239e+05  5.89769301e+05]
  [ 2.19594699e+04  3.96026577e+05  5.87963629e+05]
  [ 1.74352378e+04  3.94554033e+05  5.86009890e+05]
  [ 1.29500113e+04  3.92730819e+05  5.83914203e+05]
  [ 8.52170913e+03  3.90568178e+05  5.81682854e+05]
  [ 4.16736244e+03  3.88079218e+05  5.79322246e+05]
  [-9.70502857e+01  3.85278720e+05  5.76838859e+05]
  [-4.97916146e+05  2.49901080e+05  5.70945137e+05]]

 [[ 5.25798635e+05  4.08426307e+05  5.69271880e+05]
  [ 3.32027562e+04  4.15005082e+05  5.67685515e+05]
  [ 2.81858721e+04  4.14145007e+05  5.65946174e+05]
  [ 2.31723402e+04  4.12862516e+05  5.64060258e+05]
  [ 1.81855533e+04  4.11166604e+05  5.62034320e+05]
  [ 1.32482152e+04  4.09069022e+05  5.59875011e+05]
  [ 8.38206602e+03  4.06584074e+05  5.57589024e+05]
  [ 3.60763427e+03  4.03728382e+05  5.55183053e+05]
  [-1.05597859e+03  4.00520621e+05  5.52663752e+05]
  [-4.82612495e+05  2.58283438e+05  5.46230878e+05]]

 [[ 5.09881171e+05  4.25185358e+05  5.41691713e+05]
  [ 3.53499556e+04  4.32068040e+05  5.40016056e+05]
  [ 2.98189457e+04  4.31077573e+05  5.38201198e+05]
  [ 2.42943653e+04  4.29601629e+05  5.36254277e+05]
  [ 1.88048567e+04  4.27651706e+05  5.34182381e+05]
  [ 1.33781022e+04  4.25242783e+05  5.31992486e+05]
  [ 8.04045535e+03  4.22393045e+05  5.29691414e+05]
  [ 2.81661235e+03  4.19123543e+05  5.27285789e+05]
  [-2.27066724e+03  4.15457827e+05  5.24782016e+05]
  [-4.65113982e+05  2.65861809e+05  5.17776543e+05]]

 [[ 4.90932072e+05  4.41335661e+05  5.09643879e+05]
  [ 3.73900017e+04  4.48539995e+05  5.07890420e+05]
  [ 3.13086910e+04  4.47403649e+05  5.06021193e+05]
  [ 2.52382342e+04  4.45711582e+05  5.04043955e+05]
  [ 1.92136325e+04  4.43478436e+05  5.01966074e+05]
  [ 1.32685502e+04  4.40723238e+05  4.99794467e+05]
  [ 7.43482016e+03  4.37469006e+05  4.97535574e+05]
  [ 1.74201209e+03  4.33742283e+05  4.95195340e+05]
  [-3.78292689e+03  4.29572614e+05  4.92779229e+05]
  [-4.45043360e+05  2.72121094e+05  4.85176415e+05]]

 [[ 4.68270231e+05  4.56142566e+05  4.72660581e+05]
  [ 3.91725148e+04  4.63686653e+05  4.70849788e+05]
  [ 3.25197726e+04  4.62391810e+05  4.68959156e+05]
  [ 2.58840574e+04  4.60465317e+05  4.66996797e+05]
  [ 1.93079109e+04  4.57925673e+05  4.64969885e+05]
  [ 1.28320215e+04  4.54796848e+05  4.62884624e+05]
  [ 6.49456777e+03  4.51107732e+05  4.60746252e+05]
  [ 3.30655576e+02  4.46891485e+05  4.58559083e+05]
  [-5.62813585e+03  4.42184825e+05  4.56326578e+05]
  [-4.21961784e+05  2.76410761e+05  4.48114435e+05]]

 [[ 4.41084037e+05  4.68654715e+05  4.30438440e+05]
  [ 4.04854873e+04  4.76556968e+05  4.28602456e+05]
  [ 3.32670761e+04  4.75097418e+05  4.26737775e+05]
  [ 2.60740057e+04  4.72927796e+05  4.24852377e+05]
  [ 1.89574639e+04  4.70071155e+05  4.22952486e+05]
  [ 1.19660985e+04  4.66557267e+05  4.21042584e+05]
  [ 5.14515703e+03  4.62421871e+05  4.19125495e+05]
  [-1.46423358e+03  4.57705785e+05  4.17202529e+05]
  [-7.82562771e+03  4.52453944e+05  4.15273656e+05]
  [-3.95369130e+05  2.77959370e+05  4.06456322e+05]]

 [[ 4.08441722e+05  4.77733369e+05  3.82986569e+05]
  [ 4.10457543e+04  4.86012338e+05  3.81171564e+05]
  [ 3.33102068e+04  4.84393041e+05  3.79395908e+05]
  [ 2.56107121e+04  4.81988192e+05  3.77666697e+05]
  [ 1.80078662e+04  4.78825903e+05  3.75988104e+05]
  [ 1.05588511e+04  4.74942365e+05  3.74361504e+05]
  [ 3.31633232e+03  4.70380827e+05  3.72785686e+05]
  [-3.67243927e+03  4.65190425e+05  3.71257160e+05]
  [-1.03662977e+04  4.59424926e+05  3.69770518e+05]
  [-3.64715980e+05  2.75934445e+05  3.60369322e+05]]

 [[-2.00600374e+05  5.77018557e+05  3.98930059e+05]
  [-5.26873758e+05  5.85670908e+05  4.17047297e+05]
  [-5.31947408e+05  5.83870480e+05  4.35050831e+05]
  [-5.36491679e+05  5.81197592e+05  4.52895311e+05]
  [-5.40464341e+05  5.77684554e+05  4.70534735e+05]
  [-5.43830329e+05  5.73372849e+05  4.87923218e+05]
  [-5.46562484e+05  5.68311884e+05  5.05015798e+05]
  [-5.48642016e+05  5.62557574e+05  5.21769231e+05]
  [-5.50058662e+05  5.56170819e+05  5.38142739e+05]
  [-8.60521079e+05  3.63374174e+05  5.44970038e+05]]]
