[[[-1.46220675e+05 -1.69345391e+06  8.42401358e+05]
  [ 1.11998345e+06 -1.08903999e+06  2.43255461e+05]
  [ 1.00799284e+06 -6.17334252e+05 -9.81361814e+04]
  [ 8.44248316e+05 -3.27973890e+05 -2.39507981e+05]
  [ 7.06269961e+05 -1.46845873e+05 -3.03256205e+05]
  [ 5.92995394e+05 -3.27205412e+04 -3.30835393e+05]
  [ 5.00232260e+05  3.89854026e+04 -3.39044332e+05]
  [ 4.24407820e+05  8.36639995e+04 -3.36479984e+05]
  [ 3.62423324e+05  1.11025144e+05 -3.28002745e+05]
  [ 3.16160882e+05  1.41128469e+05 -3.37313435e+05]]

 [[-2.68844600e+05  3.76312866e+06 -1.12724626e+05]
  [ 7.07744196e+05  3.08613069e+06 -2.29537130e+05]
  [ 7.92828079e+05  2.38941200e+06 -3.53721142e+05]
  [ 7.25192345e+05  1.88484243e+06 -4.22326621e+05]
  [ 6.19907875e+05  1.53384078e+06 -4.46531876e+05]
  [ 5.17804613e+05  1.28359523e+06 -4.45010928e+05]
  [ 4.30363856e+05  1.09922731e+06 -4.30226046e+05]
  [ 3.58849078e+05  9.59101742e+05 -4.09435411e+05]
  [ 3.01311289e+05  8.49630278e+05 -3.86613219e+05]
  [ 2.63495923e+05  7.35416606e+05 -3.83802603e+05]]

 [[-3.82312999e+05  1.64161375e+06 -1.30741126e+06]
  [-2.30536749e+05  1.64913069e+06 -1.17722466e+06]
  [-2.32534639e+05  1.59821375e+06 -1.00964278e+06]
  [-1.79212988e+05  1.48547209e+06 -8.60062030e+05]
  [-1.20338535e+05  1.34463488e+06 -7.39506074e+05]
  [-7.31197292e+04  1.20268613e+06 -6.44419073e+05]
  [-3.95907349e+04  1.07283410e+06 -5.69037552e+05]
  [-1.71920221e+04  9.59352456e+05 -5.08442066e+05]
  [-2.79085403e+03  8.62190070e+05 -4.58945754e+05]
  [ 3.38872001e+04  7.28856825e+05 -4.33106609e+05]]

 [[-2.45089946e+05  6.72288834e+05 -1.01164771e+06]
  [-1.83509642e+05  6.91989028e+05 -9.69108625e+05]
  [-2.61180894e+05  7.19406984e+05 -8.96568405e+05]
  [-2.95720706e+05  7.40487877e+05 -8.10788915e+05]
  [-2.96778335e+05  7.47272339e+05 -7.24968794e+05]
  [-2.77588405e+05  7.38795663e+05 -6.46395210e+05]
  [-2.49010270e+05  7.18102372e+05 -5.77739123e+05]
  [-2.18037549e+05  6.89346651e+05 -5.19079420e+05]
  [-1.88453194e+05  6.56232093e+05 -4.69374348e+05]
  [-1.16886371e+05  5.67184897e+05 -4.37451858e+05]]

 [[-1.70669138e+05  2.97620542e+05 -7.03158819e+05]
  [-1.14240496e+05  3.10501864e+05 -6.88245897e+05]
  [-1.75828497e+05  3.32951391e+05 -6.60792094e+05]
  [-2.19964635e+05  3.59818669e+05 -6.24631007e+05]
  [-2.46148855e+05  3.86039198e+05 -5.83837975e+05]
  [-2.56753102e+05  4.07950571e+05 -5.41827435e+05]
  [-2.55472424e+05  4.23666651e+05 -5.00989316e+05]
  [-2.46099122e+05  4.32786655e+05 -4.62735522e+05]
  [-2.31851199e+05  4.35862653e+05 -4.27731509e+05]
  [-1.61332465e+05  3.85928585e+05 -4.02693957e+05]]

 [[-1.27926764e+05  1.55986226e+05 -5.08827850e+05]
  [-7.21047207e+04  1.63068355e+05 -5.02866005e+05]
  [-1.14725903e+05  1.76207873e+05 -4.91491347e+05]
  [-1.50184714e+05  1.93631787e+05 -4.75675008e+05]
  [-1.77297928e+05  2.13250155e+05 -4.56608917e+05]
  [-1.95947649e+05  2.33076725e+05 -4.35502334e+05]
  [-2.06830444e+05  2.51518668e+05 -4.13430345e+05]
  [-2.11129526e+05  2.67499067e+05 -3.91253512e+05]
  [-2.10215722e+05  2.80442609e+05 -3.69599394e+05]
  [-1.49388939e+05  2.50639787e+05 -3.53120739e+05]]

 [[-1.01615386e+05  9.36191245e+04 -3.90423827e+05]
  [-4.83403318e+04  9.76573573e+04 -3.87625628e+05]
  [-7.81950585e+04  1.05362336e+05 -3.82191803e+05]
  [-1.04782355e+05  1.16056922e+05 -3.74423236e+05]
  [-1.27311216e+05  1.28870582e+05 -3.64717231e+05]
  [-1.45376662e+05  1.42867734e+05 -3.53518443e+05]
  [-1.58932549e+05  1.57162844e+05 -3.41272973e+05]
  [-1.68221096e+05  1.71002978e+05 -3.28392746e+05]
  [-1.73683182e+05  1.83811497e+05 -3.15233057e+05]
  [-1.21084362e+05  1.63239674e+05 -3.04902336e+05]]

 [[-8.41008862e+04  6.17901313e+04 -3.13881131e+05]
  [-3.42808454e+04  6.42483797e+04 -3.12388553e+05]
  [-5.59640847e+04  6.90092359e+04 -3.09462185e+05]
  [-7.59922659e+04  7.57807439e+04 -3.05213569e+05]
  [-9.38890488e+04  8.41692474e+04 -2.99796072e+05]
  [-1.09330139e+05  9.37224858e+04 -2.93391035e+05]
  [-1.22147753e+05  1.03973575e+05 -2.86193216e+05]
  [-1.32318344e+05  1.14479394e+05 -2.78397471e+05]
  [-1.39938599e+05  1.24849239e+05 -2.70188033e+05]
  [-9.31768171e+04  1.08911252e+05 -2.63669791e+05]]

 [[-7.16829273e+04  4.36272912e+04 -2.61261643e+05]
  [-2.54397559e+04  4.52162846e+04 -2.60385065e+05]
  [-4.17628679e+04  4.83210162e+04 -2.58656657e+05]
  [-5.71714104e+04  5.28016738e+04 -2.56124068e+05]
  [-7.13757740e+04  5.84642476e+04 -2.52854427e+05]
  [-8.41522302e+04  6.50767188e+04 -2.48929790e+05]
  [-9.53490915e+04  7.23868582e+04 -2.44442016e+05]
  [-1.04886459e+05  8.01394702e+04 -2.39487644e+05]
  [-1.12750586e+05  8.80913407e+04 -2.34163228e+05]
  [-7.02290199e+04  7.49229263e+04 -2.29937541e+05]]

 [[-6.53245641e+04  3.28922245e+04 -2.31848155e+05]
  [-2.81810660e+04  3.43885758e+04 -2.31260076e+05]
  [-4.64817097e+04  3.73335927e+04 -2.30096293e+05]
  [-6.40743600e+04  4.16350350e+04 -2.28380872e+05]
  [-8.07181143e+04  4.71620149e+04 -2.26148262e+05]
  [-9.62101477e+04  5.37530284e+04 -2.23441511e+05]
  [-1.10391212e+05  6.12252770e+04 -2.20310166e+05]
  [-1.23148085e+05  6.93843898e+04 -2.16808043e+05]
  [-1.34413154e+05  7.80337257e+04 -2.12991046e+05]
  [-9.86910708e+04  6.95575623e+04 -2.09920467e+05]]]
[[[ -475819.8554208   -721885.87078166  -563180.5114325 ]
  [ -612792.78699044  -848895.94147784  -330887.95705375]
  [ -659554.70618005  -939353.53935459  -118771.48323593]
  [ -586395.99087652  -962191.04521239    15259.54124537]
  [ -480141.73755542  -938123.51056807    90569.64696456]
  [ -375113.553757    -887550.96121173   128245.03027176]
  [ -283663.47343094  -824520.75273118   142909.4409477 ]
  [ -208824.21128187  -757835.72483053   144095.44771187]
  [ -149726.08898486  -692614.19192344   137852.25126011]
  [  -62096.29306774  -586832.28060042    94371.49922395]]

 [[ -328368.90687546 -2161074.63082085   693839.46009487]
  [ -102542.30213706 -1935961.08292701   724546.96444226]
  [  -35337.90691553 -1624879.93773746   723140.68292995]
  [   66985.83201837 -1323552.29984701   673921.75600337]
  [  154121.62852937 -1064624.53741726   596752.70012589]
  [  212259.65509009  -853204.94717383   512081.52477777]
  [  244156.11343828  -684745.41042313   431848.82309561]
  [  256805.36741195  -551999.43514677   361154.40192029]
  [  256767.73292301  -447757.56516332   301218.93956206]
  [  278056.3395918   -336063.99116822   206821.82526479]]

 [[ -143982.87901696  -581679.69637163  1814977.52429765]
  [  475174.21082264  -543521.24616978  1635452.4876489 ]
  [  648198.76640002  -479397.47744633  1361627.04798221]
  [  706596.69471254  -405341.6426479   1082212.30296544]
  [  692791.1648569   -333602.16195101   842454.46490778]
  [  643687.31184861  -270548.52938114   652487.21110981]
  [  581812.24398653  -218106.18967945   507065.7786831 ]
  [  518774.00691654  -175799.55148014   397079.41271991]
  [  459837.00540475  -142194.48638768   313962.37132921]
  [  429394.22479823  -115667.96127455   201107.5157327 ]]

 [[ -159419.03631363  1026317.73867886   873463.04621822]
  [  303642.20426978   950806.22111547   815095.40843714]
  [  443853.12854401   826196.56955353   716183.38452335]
  [  520708.04931624   685940.54870202   601390.67841276]
  [  544814.63383323   553926.93095895   490383.32262029]
  [  533454.25956919   441160.72999425   393533.68281128]
  [  502094.17148377   349824.90309259   313848.86587804]
  [  461642.80363858   277873.876325     250355.74388776]
  [  418790.21362694   221907.3050855    200558.24809113]
  [  406270.20295937   148787.28764751   117115.31507798]]

 [[ -169050.83301092   930573.00232775     8413.85990241]
  [   74074.50818804   900858.33851176    17318.23787294]
  [  122616.66337904   845134.53665939    30456.60325247]
  [  166302.50695135   770499.52166977    42395.81711428]
  [  200955.78793411   685797.7789173     50088.63202157]
  [  224469.08237838   599252.92727016    53119.2427363 ]
  [  237127.73934984   516885.25379397    52488.17067562]
  [  240714.76924615   442193.19676559    49521.4812691 ]
  [  237517.86630066   376628.96396202    45338.41198179]
  [  271694.53570953   275570.1115689      7173.40280634]]

 [[ -144119.23705722   559925.5746796   -212281.4954384 ]
  [    2646.83149272   553072.62698195  -201859.61174074]
  [    8857.8630062    539114.5857532   -183165.80359467]
  [   19604.50877865   518009.94329015  -159577.7558795 ]
  [   33818.1768175    490392.40623109  -134497.21436078]
  [   49559.31827624   457651.56890463  -110518.46156614]
  [   64883.11645798   421643.09280783   -89173.44662322]
  [   78356.78886175   384279.22476251   -71082.87589226]
  [   89195.54999173   347211.96918326   -56256.92284547]
  [  148834.88308582   265808.80314725   -67312.33850248]]

 [[ -117660.01007196   320568.57579785  -213055.38644478]
  [  -11609.08765869   319800.96341048  -207149.97505827]
  [  -16593.07223345   317896.63680804  -196077.64634385]
  [  -18183.13019328   314283.9124797   -181115.46871601]
  [  -16196.74562595   308428.46822521  -163770.04323145]
  [  -11097.06137259   300029.39724333  -145480.71650893]
  [   -3739.59268954   289102.48094125  -127419.90121952]
  [    4898.32596766   275951.8616228   -110412.26503493]
  [   13921.29572855   261075.09503398   -94947.26175276]
  [   78307.87945415   204410.59631545   -96483.65698766]]

 [[  -96947.34580466   191516.19786192  -171211.8515354 ]
  [  -11691.70453799   191986.8445583   -168153.53471269]
  [  -18067.21901117   192728.65297578  -162290.7896756 ]
  [  -22565.04897445   193395.4617029   -154084.77939286]
  [  -24864.95763141   193580.47315187  -144125.37498544]
  [  -24941.93979011   192906.40966997  -133043.07864918]
  [  -23015.5641461    191094.42046473  -121432.29935335]
  [  -19467.30217904   187998.88981958  -109798.64692534]
  [  -14752.79529813   183608.81728975   -98533.18938681]
  [   46328.9477221    144008.74378154   -98114.37631329]]

 [[  -81600.41534863   121889.2210651   -132011.582907  ]
  [   -9301.99082127   122455.49956435  -130386.30453695]
  [  -14773.09622964   123491.36648572  -127230.29974207]
  [  -19240.04974808   124820.80445627  -122720.35454976]
  [  -22465.04040436   126218.62308727  -117093.63697676]
  [  -24336.503694     127445.96401892  -110620.92717269]
  [  -24863.54186634   128283.39634335  -103579.92415557]
  [  -24155.04239336   128555.7756573    -96232.67289788]
  [  -22390.28714585   128146.11804097   -88809.45235295]
  [   33729.19007411    99031.73401741   -88491.4417749 ]]

 [[  -74225.19036359    89782.87352676  -138905.70601704]
  [  -19211.98875234    90916.15497476  -137784.06663014]
  [  -31397.48414153    93111.65189797  -135585.61104299]
  [  -42696.88766036    96235.10077928  -132395.85672047]
  [  -52844.49168929   100103.36103499  -128333.43121926]
  [  -61649.37418768   104502.73278333  -123540.21166753]
  [  -69000.06785172   109208.39248974  -118170.59210333]
  [  -74861.3159556    114002.28781582  -112381.21202502]
  [  -79264.65440776   118687.53609932  -106322.17901697]
  [  -31801.6914189    100119.66234271  -105054.3987212 ]]]
[[[-145599.79824413 -172893.17336778 -201465.5838526 ]
  [-104905.17368996 -184455.59943283 -190077.41236374]
  [-162271.43072058 -204989.27091935 -169424.38250824]
  [-204293.25541709 -230379.50197454 -142920.8987984 ]
  [-230091.03084204 -256407.6634958  -114155.17039028]
  [-241277.78790104 -279779.38464582  -86059.62073206]
  [-240786.49194962 -298502.33112307  -60576.84049312]
  [-231873.15496396 -311772.88044115  -38709.18043333]
  [-217501.35454763 -319645.91270959  -20747.6066426 ]
  [-144160.70764462 -288021.36961301  -30163.16975292]]

 [[-178546.68052007 -308095.89460751 -162679.62016299]
  [-127284.89030219 -319089.41950925 -134556.4381599 ]
  [-182368.12907843 -335478.40247756  -87816.29830188]
  [-206800.03785001 -350063.99014114  -35228.96143332]
  [-205282.84114487 -357800.86924299   13200.65392918]
  [-186202.18981264 -356860.88603413   52238.67782455]
  [-157630.61165753 -347821.05539659   80521.32024441]
  [-125665.71402266 -332450.43168431   98913.78863342]
  [ -94250.51112576 -312810.20801954  109211.9134394 ]
  [ -12004.21537827 -255156.06362781   79990.61367858]]

 [[-206627.87196442 -796088.97690585  -46516.74282337]
  [-119533.8186443  -775691.38573652   -4756.29620951]
  [-155667.10274262 -737556.87741679   58225.14897859]
  [-154077.66837673 -686210.99937576  119221.9794342 ]
  [-127438.12298843 -626860.65508082  165012.86817086]
  [ -89453.90674032 -564333.35670048  192521.58823955]
  [ -49862.65036314 -502442.89234612  204192.94354791]
  [ -14059.40262035 -443802.07612139  204218.96705921]
  [  15693.97921522 -389937.17863111  196621.18583237]
  [  87515.54121337 -311714.43573658  139846.46910846]]

 [[-176557.93292564 -886133.14964266  571674.59463644]
  [  34438.68886854 -846685.51510101  563417.25451312]
  [  63634.45828982 -777316.37241049  544864.23285641]
  [  95843.93755969 -691694.11025421  514941.52124002]
  [ 126337.31958732 -601995.9567335   475394.12633089]
  [ 151246.68628293 -516397.43900121  429968.79360178]
  [ 168844.77833993 -439202.36853213  382679.22422107]
  [ 179208.6149819  -371976.6993266   336681.04929667]
  [ 183408.10621573 -314677.55627411  293968.12213136]
  [ 226146.91685486 -252108.60884702  201712.9338365 ]]

 [[-143740.62707312 -182665.93560773  867170.82608392]
  [ 138483.7322976  -176954.64521014  831660.31076014]
  [ 212408.09937959 -166382.93446333  767914.07266762]
  [ 264931.86103865 -152379.94833219  687158.44677834]
  [ 296166.96762958 -136548.27196349  600443.6357887 ]
  [ 309521.36372711 -120309.40837268  516049.75531596]
  [ 309579.34780002 -104710.11492491  438892.98387521]
  [ 300693.20153471  -90391.00441108  371139.7494649 ]
  [ 286368.86701699  -77654.76150206  313153.92128806]
  [ 311497.13053588  -73950.30875274  208938.33676246]]

 [[-133585.27428945  398028.71853849  545741.63198103]
  [ 108370.86625606  383923.37961941  527884.02239254]
  [ 169175.93475535  358125.58304924  494969.78770174]
  [ 215801.52821512  324553.27227765  451642.93446109]
  [ 247166.02060421  287381.94063294  403013.61638743]
  [ 264508.65332038  250085.05926633  353512.46050759]
  [ 270376.03916945  215025.00019784  306315.88512208]
  [ 267694.56091455  183493.43949439  263299.60154988]
  [ 259169.49272626  155969.78192724  225290.98285377]
  [ 293594.30001999  106660.62813804  144117.19700558]]

 [[-124712.85865154  495989.48144649  167548.31220144]
  [  50146.26366492  485305.26190857  165246.54198661]
  [  80780.65347137  465022.46809011  160643.28314959]
  [ 107500.55494189  437079.96589333  153832.50751464]
  [ 129319.1929811   403880.15639542  145092.96033435]
  [ 145782.99279212  367866.04108431  134892.81302626]
  [ 156967.20442299  331183.97699183  123808.17025838]
  [ 163361.24594527  295495.19101844  112413.03790484]
  [ 165702.21206815  261931.93841489  101194.04944233]
  [ 216962.61522752  196513.89071836   53396.57973416]]

 [[-110837.85872436  390702.4247803   -24724.82576732]
  [  16591.8339198   385863.21736012  -22712.58405483]
  [  27725.29217928  376420.7841842   -19019.06146037]
  [  38792.83262493  362839.5429535   -14205.24484056]
  [  49516.12311365  345785.17656037   -8908.9138076 ]
  [  59525.96093612  326068.2261512    -3703.13251867]
  [  68454.95079578  304563.66902297     990.71695165]
  [  76016.7123865   282124.8789303     4927.37539116]
  [  82048.03717302  259512.13398753    8016.53390374]
  [ 141984.5108065   201880.7124691   -16320.0690231 ]]

 [[ -96082.60911641  271875.08350694  -88955.32598743]
  [   2723.51231895  270102.21157374  -86806.91500027]
  [   5075.77763252  266560.99199873  -82715.81418773]
  [   8101.87531383  261275.90700397  -77052.47276429]
  [  11851.36710684  254314.02585564  -70283.64891465]
  [  16233.33328396  245803.32852334  -62897.11463734]
  [  21052.55864854  235938.1710974   -55338.17154513]
  [  26060.17774783  224969.79415712  -47968.70531956]
  [  31002.48700644  213185.66341323  -41050.4114137 ]
  [  91565.17283291  168642.64149294  -53348.31515258]]

 [[ -88615.15819579  221200.69133902 -181771.74826661]
  [ -18543.88882627  221635.58592294 -179555.3086957 ]
  [ -30012.13826514  222423.55900237 -175252.56819739]
  [ -40237.99747766  223415.81526884 -169106.56152108]
  [ -48903.29850311  224422.2600117  -161442.70805092]
  [ -55829.11228566  225241.57125791 -152631.59231354]
  [ -60971.66733057  225689.00886998 -143052.08311966]
  [ -64402.00526603  225617.06869551 -133060.42212886]
  [ -66276.35055499  224926.79365314 -122968.45301549]
  [ -12499.96259667  195760.99268021 -126067.1691163 ]]]
[[[-8.89815493e+04 -9.50669253e+04 -1.23357999e+05]
  [-3.82654298e+04 -9.77702005e+04 -1.20828528e+05]
  [-6.19134984e+04 -1.02936004e+05 -1.15954945e+05]
  [-8.29799504e+04 -1.10122247e+05 -1.09079341e+05]
  [-1.00811699e+05 -1.18753591e+05 -1.00650865e+05]
  [-1.15047220e+05 -1.28201192e+05 -9.11671191e+04]
  [-1.25604325e+05 -1.37856930e+05 -8.11188877e+04]
  [-1.32634783e+05 -1.47189953e+05 -7.09470659e+04]
  [-1.36461462e+05 -1.55780353e+05 -6.10157340e+04]
  [-8.45581744e+04 -1.40209810e+05 -6.67742472e+04]]

 [[-9.92885234e+04 -8.66800619e+04 -5.93901788e+04]
  [-3.57076482e+04 -8.94659890e+04 -5.54974354e+04]
  [-5.64820405e+04 -9.46175727e+04 -4.81656451e+04]
  [-7.32257348e+04 -1.01396735e+05 -3.81995621e+04]
  [-8.52047486e+04 -1.08912754e+05 -2.65883046e+04]
  [-9.22770901e+04 -1.16293137e+05 -1.43302586e+04]
  [-9.47869396e+04 -1.22813692e+05 -2.29565261e+03]
  [-9.34024408e+04 -1.27967214e+05  8.85175000e+03]
  [-8.89500571e+04 -1.31474758e+05  1.86761436e+04]
  [-2.72374272e+04 -1.07650202e+05  6.26778800e+03]]

 [[-1.16796735e+05 -1.91353583e+05 -8.84159705e+04]
  [-4.75812811e+04 -1.93623522e+05 -8.07791634e+04]
  [-7.36390288e+04 -1.97507919e+05 -6.67315258e+04]
  [-9.25290180e+04 -2.01929656e+05 -4.83416008e+04]
  [-1.03502613e+05 -2.05731154e+05 -2.79512865e+04]
  [-1.07007798e+05 -2.07966948e+05 -7.66749017e+03]
  [-1.04280335e+05 -2.08058139e+05  1.09376461e+04]
  [-9.69023574e+04 -2.05807493e+05  2.69057378e+04]
  [-8.64585699e+04 -2.01325144e+05  3.98198446e+04]
  [-1.83124550e+04 -1.68299752e+05  2.17120734e+04]]

 [[-1.32391438e+05 -3.70270624e+05 -5.51316714e+04]
  [-4.86770154e+04 -3.67713227e+05 -4.40689999e+04]
  [-7.28914162e+04 -3.62352678e+05 -2.43665980e+04]
  [-8.72933705e+04 -3.53894358e+05  1.22309503e+02]
  [-9.17324994e+04 -3.42234826e+05  2.54468827e+04]
  [-8.77719225e+04 -3.27591055e+05  4.85363741e+04]
  [-7.77796606e+04 -3.10479179e+05  6.75624383e+04]
  [-6.41774285e+04 -2.91598724e+05  8.18249624e+04]
  [-4.90064348e+04 -2.71698152e+05  9.14246204e+04]
  [ 2.17858844e+04 -2.27072796e+05  6.03244972e+04]]

 [[-1.36432467e+05 -5.15026486e+05  1.38349514e+05]
  [-1.89877197e+04 -5.04595163e+05  1.44455139e+05]
  [-2.55990686e+04 -4.84886106e+05  1.54643702e+05]
  [-2.54268653e+04 -4.57885783e+05  1.65856169e+05]
  [-1.90000767e+04 -4.25939554e+05  1.75248508e+05]
  [-8.08467845e+03 -3.91322075e+05  1.80991026e+05]
  [ 5.19111476e+03 -3.55961213e+05  1.82421500e+05]
  [ 1.89557259e+04 -3.21323337e+05  1.79775335e+05]
  [ 3.18656516e+04 -2.88414948e+05  1.73792871e+05]
  [ 9.71603755e+04 -2.40746290e+05  1.20497717e+05]]

 [[-1.27758414e+05 -3.99976178e+05  4.03736505e+05]
  [ 3.01316648e+04 -3.90145884e+05  3.97810843e+05]
  [ 4.96456881e+04 -3.71743897e+05  3.86211154e+05]
  [ 6.80435397e+04 -3.46908718e+05  3.69502708e+05]
  [ 8.46068781e+04 -3.18101262e+05  3.48594208e+05]
  [ 9.86794697e+04 -2.87611116e+05  3.24660447e+05]
  [ 1.09835612e+05 -2.57263234e+05  2.98975968e+05]
  [ 1.17947098e+05 -2.28329341e+05  2.72736239e+05]
  [ 1.23152602e+05 -2.01576101e+05  2.46930763e+05]
  [ 1.78558901e+05 -1.72635513e+05  1.72529326e+05]]

 [[-1.17108370e+05 -7.32348929e+04  4.82354302e+05]
  [ 5.55170163e+04 -7.18128161e+04  4.71858837e+05]
  [ 8.85807036e+04 -6.91049600e+04  4.52011178e+05]
  [ 1.16448810e+05 -6.53541719e+04  4.24812747e+05]
  [ 1.38247312e+05 -6.08616550e+04  3.92676027e+05]
  [ 1.53859923e+05 -5.59364419e+04  3.57982766e+05]
  [ 1.63747501e+05 -5.08556664e+04  3.22769015e+05]
  [ 1.68716816e+05 -4.58415435e+04  2.88574890e+05]
  [ 1.69712722e+05 -4.10542220e+04  2.56431223e+05]
  [ 2.20739627e+05 -4.58754073e+04  1.78211814e+05]]

 [[-1.08747099e+05  1.88362572e+05  3.48952795e+05]
  [ 4.79587796e+04  1.84533733e+05  3.42319624e+05]
  [ 7.69407802e+04  1.77256693e+05  3.29668869e+05]
  [ 1.01909186e+05  1.67207575e+05  3.12103427e+05]
  [ 1.22066620e+05  1.55220337e+05  2.91002606e+05]
  [ 1.37166358e+05  1.42143384e+05  2.67796054e+05]
  [ 1.47420481e+05  1.28728469e+05  2.43780465e+05]
  [ 1.53355518e+05  1.15568525e+05  2.20008381e+05]
  [ 1.55663897e+05  1.03081154e+05  1.97248812e+05]
  [ 2.09676374e+05  7.13624404e+04  1.33662627e+05]]

 [[-1.00287141e+05  2.77847197e+05  1.70070082e+05]
  [ 2.93193889e+04  2.73828062e+05  1.67900559e+05]
  [ 4.75988292e+04  2.66072076e+05  1.63684349e+05]
  [ 6.41093685e+04  2.55099593e+05  1.57654669e+05]
  [ 7.83836851e+04  2.41592320e+05  1.50130786e+05]
  [ 9.01468862e+04  2.26303008e+05  1.41484441e+05]
  [ 9.93147314e+04  2.09970994e+05  1.32102328e+05]
  [ 1.05967606e+05  1.93257626e+05  1.22351375e+05]
  [ 1.10309507e+05  1.76707551e+05  1.12552434e+05]
  [ 1.68489923e+05  1.35108588e+05  6.93309918e+04]]

 [[-9.70526881e+04  3.71740705e+05 -8.60904672e+04]
  [-4.03608423e+03  3.69909416e+05 -8.46047713e+04]
  [-6.35546736e+03  3.66301983e+05 -8.17528025e+04]
  [-8.17990586e+03  3.61026890e+05 -7.77522223e+04]
  [-9.41851982e+03  3.54241439e+05 -7.28829862e+04]
  [-1.00546789e+04  3.46143591e+05 -6.74465726e+04]
  [-1.01342373e+04  3.36960098e+05 -6.17298406e+04]
  [-9.74563692e+03  3.26932150e+05 -5.59795179e+04]
  [-8.99841148e+03  3.16300601e+05 -5.03890254e+04]
  [ 4.78388866e+04  2.78749415e+05 -7.04329704e+04]]]
[[[ -64700.35210593  -64907.83957813  -89173.92341009]
  [ -19066.05701507  -65894.81524576  -88260.28324288]
  [ -31277.61852715  -67821.4226938   -86468.72870745]
  [ -42771.23880241  -70597.14721171  -83867.75174609]
  [ -53317.83299261  -74096.03207987  -80553.11597253]
  [ -62738.95323155  -78166.88621629  -76640.57198401]
  [ -70912.03314947  -82644.63374157  -72257.70901152]
  [ -77770.82885725  -87361.47790881  -67535.86874134]
  [ -83301.70946761  -92156.77223938  -62602.90121801]
  [ -40897.77352426  -81175.55367707  -67676.14252783]]

 [[ -69573.22320219  -38870.39790549  -28665.54176665]
  [ -14491.29696486  -39767.0722291   -27621.85219253]
  [ -23516.39755687  -41494.11220093  -25596.66289081]
  [ -31642.98251682  -43926.95387818  -22707.29886215]
  [ -38613.63777779  -46897.31566612  -19113.44086461]
  [ -44255.56642251  -50211.55653188  -15000.88907255]
  [ -48484.24386652  -53669.77883947  -10564.50138077]
  [ -51297.74122567  -57082.93049044   -5992.67958168]
  [ -52764.0991898   -60285.99652635   -1455.08823635]
  [  -3640.15382859  -45601.80471738  -10252.88556291]]

 [[ -78473.92446873  -72334.56833803  -44067.52575362]
  [ -18772.95070512  -73335.72667596  -42262.17638944]
  [ -30234.27184505  -75232.29222384  -38786.56628729]
  [ -40230.90579223  -77829.57586414  -33891.41426315]
  [ -48387.36535494  -80873.37012448  -27908.81147254]
  [ -54493.33785096  -84085.12808217  -21210.79349391]
  [ -58500.35007187  -87195.67199737  -14168.87453626]
  [ -60499.15501957  -89971.86884941   -7120.93253346]
  [ -60685.5865415   -92233.41874891    -348.909875  ]
  [  -7434.38790124  -74757.26296271  -11259.94605325]]

 [[ -88306.25444377 -129946.40636106  -54385.69953793]
  [ -22729.3272258  -130633.61806999  -51472.78316148]
  [ -36223.10840532 -131870.81169621  -45924.77763359]
  [ -47461.73482036 -133413.21704587  -38246.34881742]
  [ -55953.66457198 -134958.25889564  -29082.52170731]
  [ -61507.05301297 -136200.57444961  -19120.68111534]
  [ -64200.0118833  -136878.52943155   -9003.89554598]
  [ -64316.91704138 -136803.89724516     729.86495463]
  [ -62271.77813638 -135872.93249066    9678.35264486]
  [  -4569.98945631 -114224.16332165   -4738.29014379]]

 [[ -97670.35666536 -214521.93022488  -38604.0680279 ]
  [ -23284.94054648 -213918.54865892  -34694.0301704 ]
  [ -36557.70191576 -212626.58712566  -27351.60499035]
  [ -46851.87448226 -210506.87734888  -17422.65066706]
  [ -53651.95144125 -207415.14300335   -5943.32353922]
  [ -56895.43521331 -203249.31342367    6046.89245015]
  [ -56887.85054486 -197980.2787858    17651.56749282]
  [ -54173.99910632 -191660.59213383   28199.67917572]
  [ -49407.47000463 -184414.34103508   37266.25916013]
  [  12109.95862147 -157504.00706972   16280.95646543]]

 [[-103898.5282508  -298423.31288386   34841.2360209 ]
  [ -15573.25183437 -295516.54685322   38227.59281167]
  [ -23761.66170331 -289829.97331599   44452.26527841]
  [ -29129.30014503 -281608.58632267   52569.48524008]
  [ -31324.40599101 -271196.73278742   61471.2853715 ]
  [ -30474.96835061 -259009.98486745   70118.61536573]
  [ -27058.57293064 -245500.6212286    77701.17195329]
  [ -21737.14915015 -231122.099253     83704.03401166]
  [ -15209.6782171  -216298.15475343   87896.58626333]
  [  47858.74083947 -186026.01447556   55683.1765302 ]]

 [[-104798.42500999 -310289.43886135  165799.92031042]
  [   1492.12537404 -305892.84417487  166167.98825361]
  [   3491.21438894 -297427.06747161  166642.10461994]
  [   6714.63261103 -285487.94582661  166789.75685202]
  [  11197.74568192 -270841.22169035  166146.83400401]
  [  16717.87421064 -254313.38317179  164344.78186878]
  [  22890.0434611  -236697.35894081  161185.07307957]
  [  29276.04464892 -218687.33650206  156652.29338823]
  [  35472.12027198 -200845.12313648  150881.82873863]
  [  97185.62309996 -174811.95569273  104593.71305476]]

 [[-101278.63069245 -203277.01586514  280846.79162058]
  [  19253.94516227 -200124.42857069  277801.91649196]
  [  31570.99841833 -194069.30194532  271852.60837243]
  [  43120.23263007 -185565.24083458  263270.91210628]
  [  53626.78199993 -175191.77494666  252440.66335076]
  [  62864.52120807 -163568.55912612  239825.77201572]
  [  70677.05226883 -151281.91991058  225929.6604101 ]
  [  76989.49686899 -138835.3034474   211252.71194905]
  [  81807.81969366 -126625.43408755  196255.37861774]
  [ 141171.18300494 -114939.40077483  139914.20754546]]

 [[ -95971.49792805  -33419.97684549  302042.67577408]
  [  27273.15695057  -32970.33293709  297993.19704208]
  [  44259.50340837  -32101.35278526  290165.07079583]
  [  59588.18810073  -30868.91082332  279058.24659144]
  [  72839.0745668   -29346.2899794   265329.63144833]
  [  83777.03206145  -27614.66483408  249708.4712377 ]
  [  92342.57295146  -25754.26680376  232917.2095955 ]
  [  98621.74047647  -23837.63140752  215610.45988302]
  [ 102805.74270605  -21925.47925444  198337.34179115]
  [ 161174.3720921   -28845.72115446  142013.12954407]]

 [[ -94527.61252399  319275.40460383  117398.20469699]
  [  11690.75981885  317582.0458349   115976.85786963]
  [  19013.45447384  314274.39023435  113218.90194401]
  [  25678.12842498  309500.66291669  109282.33551915]
  [  31509.6231037   303460.76249538  104378.13920257]
  [  36401.83436932  296384.99049216   98745.67185145]
  [  40316.34391003  288512.99083643   92628.48331188]
  [  43273.17495696  280076.00455439   86254.29431504]
  [  45336.976865    271284.10934577   79821.1825871 ]
  [ 102570.23355632  246944.31740124   38897.88725776]]]
[[[ -51019.30460594  -49111.89473379  -69930.47343767]
  [ -11212.50287676  -49567.81325162  -69508.21787295]
  [ -18505.27939589  -50465.98731298  -68673.93435558]
  [ -25531.7635365   -51779.84739302  -67447.54785411]
  [ -32199.03576923  -53471.35348157  -65857.67179644]
  [ -38426.66851661  -55492.99029949  -63940.20324318]
  [ -44148.85040209  -57790.1475282   -61736.64083953]
  [ -49315.63902679  -60303.69428676  -59292.25630411]
  [ -53893.3436889   -62972.5581442   -56654.25011417]
  [ -17197.13435638  -54588.35324898  -60944.57239863]]

 [[ -53852.04175958  -21672.35272546  -16461.65276802]
  [  -7251.04525029  -22040.41462237  -16072.19142816]
  [ -11889.97210377  -22760.24502375  -15307.47659032]
  [ -16246.54532422  -23800.4506856   -14194.94702504]
  [ -20227.4907212   -25116.77781323  -12773.43503442]
  [ -23757.14917817  -26655.15331432  -11090.66340311]
  [ -26779.88922365  -28355.19802994   -9200.33958887]
  [ -29261.03391619  -30153.86426779   -7159.12590236]
  [ -31186.39209415  -31988.87536069   -5023.74592922]
  [  10543.30320111  -21432.10166508  -11722.2949331 ]]

 [[ -59172.33120278  -36042.19155019  -24526.15381605]
  [  -9036.0343332   -36469.39343534  -23915.08276925]
  [ -14765.28166973  -37299.37264977  -22719.48075226]
  [ -20071.16713437  -38485.47823856  -20990.23438774]
  [ -24819.8856369   -39962.90741785  -18798.49659785]
  [ -28908.7064548   -41654.10969102  -16230.24732975]
  [ -32269.28778913  -43474.82325881  -13380.16823926]
  [ -34868.03933833  -45340.04340567  -10345.51339471]
  [ -36703.89066156  -47169.32505645   -7220.56575686]
  [   7790.43793664  -35330.64562365  -15279.40498162]]

 [[ -65129.43050857  -59061.35016312  -32586.60032855]
  [ -10968.6663314   -59486.11770174  -31651.03244575]
  [ -17842.1868739   -60301.60307328  -29828.89341808]
  [ -24091.36333122  -61443.54842813  -27213.26948318]
  [ -29530.00422576  -62824.48916195  -23932.34426354]
  [ -34025.81083317  -64342.75800465  -20137.73302526]
  [ -37504.11045577  -65892.09993925  -15991.84829078]
  [ -39945.91658973  -67370.59437699  -11655.91696306]
  [ -41381.43975171  -68687.89593886   -7279.90879945]
  [   6162.52711855  -55223.70804148  -17113.82844549]]

 [[ -71502.6144901   -93837.6591028   -36427.95626152]
  [ -12567.04062528  -94097.60827753  -35079.76943035]
  [ -20321.01261599  -94577.64929329  -32469.3547829 ]
  [ -27197.80344613  -95203.91593368  -28758.18383367]
  [ -32954.83512277  -95878.94946671  -24164.45565179]
  [ -37437.99781887  -96494.55589208  -18939.52073968]
  [ -40583.84067483  -96944.70719604  -13343.55606044]
  [ -42411.71749401  -97136.4516185    -7624.01933572]
  [ -43008.83700573  -96997.54729321   -1999.24587437]
  [   7803.69114473  -81443.44837829  -14370.29774088]]

 [[ -77727.00828717 -140444.59209298  -27286.84484251]
  [ -12795.66807098 -140238.46520518  -25576.17938874]
  [ -20524.61576186 -139797.69212795  -22288.56465754]
  [ -27142.62599643 -139071.60174797  -17671.90241374]
  [ -32370.35335454 -137998.32816586  -12053.90577831]
  [ -36057.61484108 -136517.5138131    -5800.54535765]
  [ -38180.20733771 -134581.80262306     724.48024647]
  [ -38821.46126787 -132164.95439347    7192.7891282 ]
  [ -38144.73845212 -129265.62271821   13333.3647883 ]
  [  15890.03006594 -111298.12555249   -2970.23619743]]

 [[ -82823.27831425 -189175.66440405    6930.92749441]
  [ -10153.13881573 -188168.4625484     8611.8268303 ]
  [ -16075.12860458 -186168.81606888   11809.06640564]
  [ -20841.58942946 -183208.0705985    16221.84928485]
  [ -24193.98508593 -179336.76761298   21461.94258982]
  [ -26026.37668047 -174626.4936844    27110.50973503]
  [ -26374.11444533 -169169.64789183   32770.40572743]
  [ -25384.3642798  -163076.57361708   38105.05164701]
  [ -23278.07415027 -156470.37371124   42860.24441102]
  [  33406.05232016 -136707.15559043   20525.19757408]]

 [[ -85705.70920986 -215320.74070397   71357.79504157]
  [  -3746.85286203 -213519.4136198    72252.25205794]
  [  -5625.46415346 -209992.89188611   73909.3452538 ]
  [  -6675.49541978 -204885.91758837   76092.14084771]
  [  -6741.12020584 -198398.11684268   78503.75870706]
  [  -5792.75728428 -190766.38122462   80838.20468136]
  [  -3911.65999264 -182246.02811871   82824.51822661]
  [  -1259.48637354 -173093.1925951    84256.30177152]
  [   1957.40450962 -163550.24411103   85004.38255339]
  [  60172.68985338 -144648.06458399   54697.44531303]]

 [[ -85905.31570451 -190894.92309866  148332.16316919]
  [   4948.54969384 -188952.59401988  147857.20312748]
  [   8403.50093233 -185169.75637316  146874.22918419]
  [  12047.66070747 -179737.34793348  145328.53555733]
  [  15880.51764041 -172912.88751351  143162.39139529]
  [  19850.81853073 -164992.84620848  140334.61480117]
  [  23867.80384806 -156284.99175673  136835.31614785]
  [  27818.80436807 -147084.7585548   132692.59812628]
  [  31587.79981336 -137657.96525617  127971.0396575 ]
  [  90174.18993426 -124243.72470204   89873.46074205]]

 [[ -85067.45112441  141009.9250142   162878.21511651]
  [   8800.67860656  141360.59532686  161684.49419614]
  [  14511.78997126  142022.37202246  159334.30675477]
  [  19990.30909431  142922.26944928  155900.54563098]
  [  25147.84140445  143964.63341472  151488.2364253 ]
  [  29903.80723312  145044.01553735  146228.96782371]
  [  34190.19059261  146057.54736162  140273.37678219]
  [  37955.87142235  146914.80359897  133782.31866662]
  [  41169.48789527  147544.12760412  126917.72763688]
  [  98983.93124536  145877.89971198   86546.37822259]]]
[[[ -42186.62086238  -39446.7172612   -57565.48375771]
  [  -7309.96700498  -39690.56568254  -57338.59707773]
  [ -12102.73011818  -40173.27180357  -56888.54860906]
  [ -16776.80272564  -40885.04559299  -56222.65493431]
  [ -21288.87242059  -41811.66088162  -55351.57061775]
  [ -25599.55714338  -42934.9756254   -54288.924459  ]
  [ -29674.21423766  -44233.57465274  -53050.86894118]
  [ -33483.54607389  -45683.49845762  -51655.56763948]
  [ -37003.98830728  -47259.01831894  -50122.64764079]
  [  -4538.3137599   -40688.31651818  -53659.08496757]]

 [[ -44041.08810622  -13707.02452376  -10548.4555626 ]
  [  -4134.33080549  -13884.54281045  -10371.54300813]
  [  -6815.20758753  -14234.32836331  -10022.09232998]
  [  -9385.75231116  -14746.13937753   -9508.64834497]
  [ -11807.03571844  -15405.23466948   -8843.53960631]
  [ -14044.96511499  -16193.06762315   -8042.33172298]
  [ -16071.17956853  -17088.12759712   -7123.16249068]
  [ -17863.64058721  -18066.87027044   -6106.00377182]
  [ -19406.90813839  -19104.67573565   -5011.8972511 ]
  [  17005.53377028  -11112.35728779  -10174.93603881]]

 [[ -47579.76540374  -21083.25507814  -15172.21997508]
  [  -4994.3447921   -21289.14084522  -14913.32015778]
  [  -8217.3130502   -21693.4644341   -14402.89281559]
  [ -11284.82304149  -22281.76474141  -13655.28433146]
  [ -14143.24376933  -23033.38753972  -12691.06129682]
  [ -16746.79326413  -23922.62728803  -11535.95837973]
  [ -19058.86049583  -24920.0882942   -10219.61835336]
  [ -21052.76993745  -25994.15555523   -8774.22212544]
  [ -22711.98811355  -27112.46528775   -7233.10741186]
  [  15790.05144198  -18342.54426428  -13352.04388709]]

 [[ -51507.41990262  -32173.36316682  -20221.09245425]
  [  -5957.51219541  -32395.00063192  -19846.2577594 ]
  [  -9779.01679867  -32828.06555466  -19108.99809561]
  [ -13382.6034747   -33452.84988587  -18033.35052346]
  [ -16695.16569126  -34241.48356052  -16653.50474713]
  [ -19656.30316601  -35159.76451455  -15011.77516127]
  [ -22220.20679255  -36169.29378391  -13156.218342  ]
  [ -24356.52933404  -37229.71612787  -11138.1083092 ]
  [ -26050.2801944   -38300.87592505   -9009.47382893]
  [  14710.92524093  -28653.15350766  -16297.50348046]]

 [[ -55783.66636286  -48382.64867854  -24602.31499583]
  [  -6922.77511196  -48585.64827556  -24073.55172671]
  [ -11330.11755868  -48978.62302677  -23036.5513576 ]
  [ -15437.67032271  -49536.62905379  -21530.84780972]
  [ -19148.28170641  -50224.85844702  -19612.14201799]
  [ -22384.99074842  -51001.39940796  -17348.4616525 ]
  [ -25093.54134236  -51820.36900315  -14815.75357067]
  [ -27243.09791731  -52635.07846222  -12093.35800406]
  [ -28825.31467904  -53400.9269557    -9259.77233127]
  [  14365.44898539  -42747.16618908  -18017.83352104]]

 [[ -60277.32214595  -70871.76007175  -25934.47904087]
  [  -7659.96725956  -70985.6823236   -25226.07567817]
  [ -12490.17476205  -71199.2202908   -23841.73823603]
  [ -16924.50053122  -71485.29032788  -21843.58456917]
  [ -20839.96883081  -71806.83984806  -19318.156488  ]
  [ -24144.29979086  -72120.52544134  -16369.49415623]
  [ -26778.88729756  -72380.73865861  -13111.40457128]
  [ -28718.76326555  -72543.46972507   -9659.81670889]
  [ -29969.96768662  -72569.59044009   -6125.97894534]
  [  15791.39255208  -60773.84392932  -16813.66326129]]

 [[ -64715.7683819   -99272.37861413  -20065.2502325 ]
  [  -7756.27965255  -99183.9044187   -19201.69090096]
  [ -12585.98940646  -98996.03548548  -17521.61985889]
  [ -16931.17529368  -98688.59525093  -15114.3565887 ]
  [ -20648.7513386   -98235.14722374  -12102.7507351 ]
  [ -23638.5721558   -97606.78275058   -8631.84251451]
  [ -25846.29872808  -96776.04570555   -4856.59319452]
  [ -27261.69630274  -95720.39786528    -930.26825491]
  [ -27913.27860385  -94424.79215128    3005.29485269]
  [  20464.94134371  -81449.56124096  -10323.5781336 ]]

 [[ -68660.25336538 -129413.19927923   -1634.06070416]
  [  -6653.62363594 -128995.28853152    -745.36935926]
  [ -10719.62587099 -128160.07394465     973.55840452]
  [ -14265.30547142 -126909.70795844    3412.67479711]
  [ -17145.85240402 -125249.48721577    6422.74290293]
  [ -19268.69821455 -123189.68220056    9831.07367823]
  [ -20595.37451668 -120747.11006696   13458.00345518]
  [ -21137.46260495 -117946.06443046   17131.77972896]
  [ -20948.1900301  -114818.39694886   20700.20206195]
  [  29900.5126955  -100993.47533984    3740.12545176]]

 [[ -71576.49321922 -151376.83987035   32777.18357865]
  [  -3920.89446443 -150582.8340754    33433.55301977]
  [  -6213.30072557 -149014.10627152   34690.12721116]
  [  -8058.09521512 -146708.32306154   36442.16120499]
  [  -9339.61151689 -143719.75479543   38549.87195534]
  [  -9993.17477196 -140116.71487839   40855.2606024 ]
  [ -10005.36180612 -135978.36401762   43199.16258253]
  [  -9408.20995395 -131391.10137168   45435.9151866 ]
  [  -8269.33042988 -126444.81479905   47443.96104146]
  [  44636.31216346 -112864.79477935   25830.70851911]]

 [[ -72327.43746243   66176.98515407  106885.0293281 ]
  [   2360.60578631   66659.19441459  106812.89326688]
  [   4063.50296332   67600.43530855  106643.10066097]
  [   5939.03143954   68956.48614609  106329.45325298]
  [   8018.31479602   70666.01572556  105813.53854194]
  [  10303.3217299    72655.71661986  105034.8733806 ]
  [  12768.4178565    74845.92607899  103940.57275283]
  [  15365.73420533   77156.04857949  102492.82631652]
  [  18032.77614962   79509.23851912  100673.23646239]
  [  72875.6415968    87100.22771288   72820.78566647]]]
[[[-35993.41106195 -32939.96358398 -48939.65627104]
  [ -5112.61352427 -33084.15329088 -48804.66889327]
  [ -8480.45377508 -33370.39251963 -48536.29078251]
  [-11788.22007062 -33794.46253247 -48137.6726472 ]
  [-15013.41716881 -34350.17880737 -47613.44060177]
  [-18135.02131102 -35029.55760849 -46969.5801647 ]
  [-21133.81470861 -35823.02559868 -46213.28996042]
  [-23992.66200425 -36719.66405668 -45352.81085074]
  [-26696.72232382 -37707.47759352 -44397.2373336 ]
  [  2384.52495417 -32458.78058922 -47303.13379384]]

 [[-37303.74534117  -9410.52005599  -7283.17276052]
  [ -2576.78790924  -9506.32255313  -7191.58430469]
  [ -4260.70146228  -9695.89599823  -7010.04699911]
  [ -5894.56927527  -9975.25184104  -6741.78345715]
  [ -7460.07867988 -10338.58076159  -6391.49502568]
  [ -8940.5358154  -10778.4518294   -5965.20952301]
  [-10321.21053111 -11286.06009906  -5470.09151112]
  [-11589.60365185 -11851.51039753  -4914.22426368]
  [-12735.62987782 -12464.12319097  -4306.3739686 ]
  [ 19514.16152513  -6232.24975449  -8347.00161433]]

 [[-39830.20926621 -13669.08829696 -10150.84380044]
  [ -3038.76307684 -13779.19461577 -10023.5231204 ]
  [ -5018.8342074  -13996.64955004  -9771.44792919]
  [ -6931.59004735 -14316.05279267  -9399.65119009]
  [ -8752.71971908 -14729.57473377  -8915.44707613]
  [-10460.37588291 -15227.2641124   -8328.16338158]
  [-12035.67466373 -15797.42700625  -7648.81086082]
  [-13463.06349216 -16427.05549727  -6889.70780664]
  [-14730.54794722 -17102.28201764  -6064.08015502]
  [ 19183.78382055 -10340.51914683 -10786.90099837]]

 [[-42604.11819414 -19757.54568934 -13364.80397982]
  [ -3558.86388508 -19878.75005684 -13188.74880996]
  [ -5869.76578304 -20117.48479995 -12840.66254002]
  [ -8090.22753566 -20466.57854406 -12328.41692267]
  [-10188.09625176 -20915.69231976 -11663.39955596]
  [-12134.97520433 -21451.78909281 -10860.04108215]
  [-13906.94130538 -22059.70551744  -9935.23697602]
  [-15485.03738021 -22722.78827186  -8907.70047532]
  [-16855.5291465  -23423.55479225  -7797.28576962]
  [ 18839.34372401 -16091.36516289 -13335.13850677]]

 [[-45619.99047645 -28323.92156261 -16577.07245148]
  [ -4110.56651857 -28447.11698428 -16336.78006885]
  [ -6768.46591686 -28688.79014999 -15862.46623597]
  [ -9305.83336471 -29039.77048029 -15166.35952719]
  [-11680.61713058 -29486.93012166 -14266.05524392]
  [-13856.45741048 -30013.88021641 -13183.68347055]
  [-15803.69422886 -30601.8065917  -11944.9043991 ]
  [-17499.99432838 -31230.38156481 -10577.80316323]
  [-18930.59010256 -31878.68681675  -9111.75882064]
  [ 18662.63416691 -23934.52595586 -15630.95367927]]

 [[-48843.3148426  -40050.72060668 -19027.84665383]
  [ -4632.09213573 -40156.80050632 -18708.0158152 ]
  [ -7611.83234262 -40363.30269361 -18077.94220438]
  [-10433.91306814 -40659.28945162 -17156.25357801]
  [-13044.54944645 -41029.24820877 -15969.58419285]
  [-15398.42429386 -41454.06789345 -14551.1382682 ]
  [-17460.05125758 -41912.18977814 -12938.98099246]
  [-19204.50764388 -42380.83241424 -11174.19625995]
  [-20617.54485948 -42837.19180102  -9299.04957522]
  [ 18987.15381678 -34242.65369847 -17016.22734281]]

 [[-52192.41409878 -55384.84277747 -19323.81096185]
  [ -5006.6904233  -55440.28443302 -18916.40660489]
  [ -8206.99016886 -55545.20709258 -18115.70394408]
  [-11208.10396837 -55688.17853588 -16948.99031809]
  [-13943.85262551 -55853.20296414 -15454.9988002 ]
  [-16360.20043158 -56020.95676264 -13681.52711779]
  [-18416.98935557 -56170.21165279 -11682.65362297]
  [-20088.67501389 -56279.30147929  -9515.80552077]
  [-21364.11181811 -56327.49807098  -7238.92266241]
  [ 20346.26051045 -47064.68387649 -16447.30966563]]

 [[-55518.66013551 -73966.52977816 -15302.83045628]
  [ -5048.47727544 -73922.33740135 -14820.55710801]
  [ -8249.41652489 -73829.22883512 -13875.41134513]
  [-11212.99977146 -73678.28442376 -12504.74070601]
  [-13862.74399474 -73457.3570154  -10761.12616914]
  [-16138.52081369 -73152.36076233  -8708.71199972]
  [-17998.56775028 -72748.70682017  -6418.99641278]
  [-19420.02980029 -72232.71407652  -3966.51332137]
  [-20398.15703782 -71592.84417499  -1424.79663708]
  [ 23466.10155293 -61713.54786638 -12523.59908964]]

 [[-58596.28288929 -93745.25787382  -4310.02178499]
  [ -4519.14649311 -93546.89133932  -3804.29208365]
  [ -7352.11157199 -93149.19112658  -2816.75460852]
  [ -9927.50083327 -92550.59910126  -1393.21421483]
  [-12165.17022706 -91749.63508862    402.41750667]
  [-14004.92384494 -90745.74838533   2493.15754604]
  [-15408.55501554 -89540.19697121   4794.60998343]
  [-16359.9516272  -88136.81123589   7220.61055077]
  [-16863.50734295 -86542.52978379   9688.30557923]
  [ 29115.22346795 -76271.01659761  -3808.91904426]]

 [[-59921.35792995  55314.38332873  70578.03794606]
  [   429.52929876  55470.15770216  70716.49628632]
  [   821.59446417  55778.93008266  70976.19123354]
  [  1362.08504311  56235.12753659  71324.61615062]
  [  2091.46673682  56830.37768346  71717.51050505]
  [  3034.2384371   57553.55524943  72103.45794273]
  [  4197.94713534  58390.92853385  72428.86567703]
  [  5573.97538567  59326.43807423  72642.67111745]
  [  7139.76959167  60342.11740798  72700.25119291]
  [ 56305.10390909  68686.95763614  54395.39511216]]]
[[[-31402.13057876 -28266.98797789 -42574.63457137]
  [ -3762.45754081 -28358.71080401 -42488.19586001]
  [ -6248.29607253 -28541.1251191  -42316.08850392]
  [ -8700.76118467 -28812.19256398 -42059.83601789]
  [-11107.1508595  -29168.90784261 -41721.68732352]
  [-13455.39022171 -29607.36096296 -41304.57351026]
  [-15734.18279714 -30122.81614121 -40812.05288863]
  [-17933.14242514 -30709.80532168 -40248.24574246]
  [-20042.90317908 -31362.2332927  -39617.76081574]
  [  6250.2469457  -27095.88851868 -42021.4464455 ]]

 [[-32378.36178986  -6843.40402342  -5306.93453328]
  [ -1713.21062181  -6899.55198418  -5254.87721186]
  [ -2838.26608832  -7010.95123253  -5151.46947215]
  [ -3938.02575908  -7175.83527029  -4998.10532165]
  [ -5003.02379624  -7391.61173472  -4796.83280087]
  [ -6024.42172864  -7654.93027965  -4550.30323092]
  [ -6994.15322361  -7961.76787716  -4261.707287  ]
  [ -7905.0453484   -8307.52876078  -3934.69996132]
  [ -8750.91349817  -8687.15514986  -3573.31723565]
  [ 20130.12999771  -3714.6653779   -6792.54442312]]

 [[-34274.35538055  -9514.46719903  -7198.7503379 ]
  [ -1982.56091746  -9578.32877313  -7129.17110692]
  [ -3282.05689675  -9704.87638706  -6991.05908539]
  [ -4548.71935836  -9891.79752205  -6786.47541665]
  [ -5770.36402807 -10135.70861181  -6518.44064092]
  [ -6935.71483476 -10432.25465807  -6190.85156485]
  [ -8034.60748469 -10776.23390984  -5808.37692565]
  [ -9058.15536253 -11161.7427231   -5376.33585891]
  [ -9998.87370272 -11582.33437295  -4900.56422412]
  [ 20241.26157476  -6228.85267363  -8614.69338198]]

 [[-36335.90598508 -13183.80492577  -9332.64162949]
  [ -2284.81780539 -13254.44803663  -9239.90449561]
  [ -3779.13498866 -13394.21052174  -9055.98369298]
  [ -5230.8178898  -13600.10042156  -8783.93451077]
  [ -6624.19895272 -13867.75550674  -8428.2213569 ]
  [ -7944.92958551 -14191.58864563  -7994.58071396]
  [ -9180.26574035 -14564.9686949   -7489.85002554]
  [-10319.29285399 -14980.42859416  -6921.77015685]
  [-11353.08449054 -15429.89067997  -6298.7705346 ]
  [ 20332.85975961  -9673.46842135 -10595.42360384]]

 [[-38564.8738734  -18173.95594943 -11579.75905835]
  [ -2611.82127595 -18248.52984425 -11457.04480338]
  [ -4315.56864109 -18395.74434531 -11213.91833777]
  [ -5964.15185402 -18611.81221738 -10854.89904375]
  [ -7537.52878522 -18891.23525858 -10386.56850963]
  [ -9017.57028113 -19227.01328753  -9817.34437545]
  [-10388.45754861 -19610.90220776  -9157.19985934]
  [-11636.98202563 -20033.70739966  -8417.34332537]
  [-12752.74025409 -20485.5966905   -7609.87427471]
  [ 20466.79709551 -14307.63796054 -12593.77921295]]

 [[-40952.12705096 -24850.53378675 -13659.50910025]
  [ -2944.05401446 -24922.98012826 -13499.34691292]
  [ -4858.6107098  -25065.50962623 -13182.40439128]
  [ -6702.45520438 -25273.5067846  -12715.30646115]
  [ -8450.23604435 -25540.30621954 -12107.66375441]
  [-10079.35426048 -25857.48451186 -11371.70198706]
  [-11570.50747458 -26215.21708376 -10521.80614078]
  [-12908.07857662 -26602.67822971  -9574.00594956]
  [-14080.35999154 -27008.46022167  -8545.43185071]
  [ 20758.94992479 -20396.37879584 -14343.29801725]]

 [[-43470.75110084 -33555.81805291 -15053.16424801]
  [ -3244.01974356 -33615.23781855 -14848.96524735]
  [ -5345.89551828 -33731.3672404  -14445.44303145]
  [ -7358.72161009 -33898.93425039 -13852.12489782]
  [ -9251.06107728 -34110.37703088 -13082.77087459]
  [-10995.36855768 -34356.23137767 -12154.77745203]
  [-12568.71529913 -34625.59857614 -11088.45148643]
  [-13953.27136811 -34906.66090035  -9906.20186367]
  [-15136.53621679 -35187.20983152  -8631.6995886 ]
  [ 21402.40947353 -28139.93882458 -15399.41028729]]

 [[-46067.45030074 -44457.80702888 -14913.31418389]
  [ -3448.99415059 -44486.98600394 -14662.58655792]
  [ -5673.75126482 -44542.56897987 -14167.93120842]
  [ -7789.64620132 -44619.18873732 -13442.59652023]
  [ -9758.92276571 -44709.2216561  -12505.62144582]
  [-11549.15902581 -44803.25924208 -11380.90890594]
  [-13134.19374116 -44890.66878342 -10096.11022612]
  [-14494.68667151 -44960.19778958  -8681.40243828]
  [-15618.30818413 -45000.575867    -7168.24283103]
  [ 22685.52784816 -37540.64529872 -15100.23217192]]

 [[-48653.78233582 -57277.54242527 -12028.8526431 ]
  [ -3467.14533277 -57252.98082296 -11738.56429358]
  [ -5691.24770975 -57201.6022185  -11166.97607239]
  [ -7788.32579723 -57119.09119541 -10331.54321557]
  [ -9715.20114974 -56999.42891937  -9257.21155208]
  [-11435.6545601  -56835.38614076  -7975.05725805]
  [-12921.53955662 -56619.09670779  -6520.66977601]
  [-14153.37399119 -56342.65727832  -4932.40957756]
  [-15120.41657431 -55998.70002261  -3249.67226923]
  [ 24985.10644945 -48197.08510063 -12586.99807532]]

 [[-49913.71919924  53054.58024937  55604.79614548]
  [   364.48690223  53078.54597539  55687.20367817]
  [   659.23994911  53127.39447803  55845.20622232]
  [  1028.14562298  53202.82523234  56065.71446589]
  [  1494.22223698  53307.08178581  56330.35018204]
  [  2074.57205554  53442.62972868  56616.79993181]
  [  2779.62074582  53611.79837172  56900.38183806]
  [  3612.88619131  53816.4293797   57155.67257059]
  [  4571.24543335  54057.57207288  57358.04916702]
  [ 47961.77854852  61334.0053764   44737.29077255]]]
[[[-29166.59722457 -25822.9186468  -39393.16836395]
  [ -6797.97310246 -25962.41575908 -39285.7834569 ]
  [-11304.4797366  -26240.43279028 -39071.6903836 ]
  [-15773.02644422 -26655.03206353 -38752.23165521]
  [-20188.92695835 -27203.34071598 -38329.39851669]
  [-24537.98174695 -27881.5917292  -37805.80355396]
  [-28806.60177846 -28685.17632176 -37184.64566049]
  [-32981.92144774 -29608.70702157 -36469.66783233]
  [-37051.89892483 -30646.08994015 -35665.1087621 ]
  [-15428.4373098  -27773.04270101 -37264.79514017]]

 [[-30046.08321367  -8856.36865019  -9558.28033254]
  [ -5486.03925629  -8978.02689778  -9466.72583347]
  [ -9119.54479809  -9220.37425643  -9284.31444738]
  [-12717.54403951  -9581.49132978  -9012.42821049]
  [-16266.37060893 -10058.53717546  -8653.11314777]
  [-19752.88075497 -10647.79558377  -8209.0465547 ]
  [-23164.58386175 -11344.73396353  -7683.495316  ]
  [-26489.75975056 -12144.07385179  -7080.26597334]
  [-29717.56076452 -13039.87117752  -6403.64785272]
  [ -6141.59274479  -9712.42412854  -8517.09086004]]

 [[-31659.51426966 -13989.37650914 -15244.31065949]
  [ -6063.7393247  -14124.9301538  -15129.78789671]
  [-10076.97196638 -14394.82802102 -14901.70142857]
  [-14046.6867788  -14796.67653427 -14561.95005392]
  [-17956.20562478 -15326.93856851 -14113.34068313]
  [-21789.55895839 -15980.9973006  -13559.53891639]
  [-25531.66000543 -16753.23738731 -12905.0061251 ]
  [-29168.45922155 -17637.14169447 -12154.92442893]
  [-32687.07618988 -18625.40074632 -11315.11173471]
  [ -8191.96665422 -15086.77169188 -13686.00690847]]

 [[-33403.34341565 -20673.41854245 -21690.36602158]
  [ -6704.46710171 -20823.0381359  -21546.93447946]
  [-11138.1168765  -21120.7737823  -21261.39619428]
  [-15518.28274746 -21563.65246405 -20836.37202971]
  [-19824.5676071  -22147.28882407 -20275.72981719]
  [-24037.53978847 -22865.97323517 -19584.5091226 ]
  [-28138.96607795 -23712.78354361 -18768.82564275]
  [-32112.01510419 -24679.71747396 -17835.75781618]
  [-35941.42710009 -25757.84141061 -16793.21925545]
  [-10474.89442582 -21995.26174948 -19456.64757293]]

 [[-35281.02563676 -29331.88117561 -28857.49575425]
  [ -7406.62864803 -29494.60369739 -28677.95684875]
  [-12300.04705853 -29818.19491474 -28320.71377698]
  [-17127.66144932 -30298.99317018 -27789.39276803]
  [-21864.51655529 -30931.6086879  -27089.33523589]
  [-26486.97606583 -31709.04444241 -26227.48268781]
  [-30973.03428988 -32622.84903034 -25212.23090122]
  [-35302.58316665 -33663.29664185 -24053.25802231]
  [-39457.62903287 -34819.58768213 -22761.33261826]
  [-12964.60663164 -30819.34419783 -25757.83417946]]

 [[-37290.43862685 -40469.0069115  -36601.67100277]
  [ -8161.95220366 -40641.99039725 -36377.63873525]
  [-13548.71147291 -40985.70494609 -35932.11353626]
  [-18854.61355401 -41495.70745469 -35270.10854468]
  [-24049.18918388 -42165.47375678 -34398.99232986]
  [-29103.77020346 -42986.56257308 -33328.31267177]
  [-33991.90487782 -43948.8219716  -32069.57418106]
  [-38689.70593751 -45040.63062913 -30635.97795799]
  [-43176.12367754 -46249.16431018 -29042.1333691 ]
  [-15598.60313234 -41996.10248689 -32419.57779869]]

 [[-39420.54758548 -54650.94840289 -44611.70328535]
  [ -8951.53876267 -54828.45704467 -44334.03913611]
  [-14852.43128922 -55180.80268076 -43782.20706667]
  [-20654.43047585 -55702.7235664  -42963.10023127]
  [-26320.53697349 -56386.51513148 -41886.82632376]
  [-31816.1989323  -57222.24767521 -40566.43906634]
  [-37109.8607669  -58198.03899746 -39017.60105989]
  [-42173.41116963 -59300.37028417 -37258.19214977]
  [-46982.52016516 -60514.43133493 -35307.88001983]
  [-18259.56171117 -55991.6446359  -39124.67117213]]

 [[-41646.98218168 -72449.80605465 -52330.10209454]
  [ -9740.79709195 -72621.98904272 -51990.0016506 ]
  [-16153.58939937 -72963.30458947 -51314.55912162]
  [-22446.54105143 -73467.75630325 -50313.14204546]
  [-28575.17170681 -74126.59258665 -48999.450059  ]
  [-34498.29055212 -74928.58570637 -47391.1109239 ]
  [-40178.71075127 -75860.37894893 -45509.17629599]
  [-45583.8150679  -76906.88495904 -43377.54107395]
  [-50685.95965381 -78051.71582017 -41022.31357324]
  [-20754.26644234 -73241.31013299 -45352.57110184]]

 [[-43926.7493291  -94326.86315395 -58869.3024508 ]
  [-10473.97660486 -94478.60467392 -58460.38563091]
  [-17359.72120878 -94778.80771655 -57648.89903591]
  [-24102.45503807 -95221.03941433 -56447.31708167]
  [-30649.55643522 -95795.9475241  -54873.83069887]
  [-36952.74127169 -96491.59884632 -52951.75350725]
  [-42968.97217434 -97293.89686463 -50708.78560042]
  [-48661.15306758 -98187.0556657  -48176.17373863]
  [-53998.59349024 -99154.10453233 -45387.81108954]
  [-22794.40667676 -94040.93280447 -50328.83969695]]

 [[-45173.560617   -25579.69742131  -4849.6729424 ]
  [ -8020.19257702 -25711.4060361   -4526.77150244]
  [-13280.89938611 -25971.95919512  -3887.10116267]
  [-18414.87967995 -26355.7525703   -2942.67820183]
  [-23376.11498098 -26854.66756222  -1710.94094284]
  [-28122.97326713 -27458.39680815   -214.08703835]
  [-32619.0807912  -28154.84188709   1521.73903627]
  [-36833.95093328 -28930.55881298   3467.35944482]
  [-40743.35756181 -29771.22471735   5591.52446035]
  [ -6742.46518297 -24576.3381128   -1266.78209958]]]
