[[[    0.             0.         79577.47154595]
  [    0.             0.         79577.47154595]
  [    0.             0.         79577.47154595]
  [    0.             0.         79577.47154595]
  [    0.             0.         79577.47154595]]

 [[    0.             0.         79577.47154595]
  [    0.             0.         79577.47154595]
  [    0.             0.         79577.47154595]
  [    0.             0.         79577.47154595]
  [    0.             0.         79577.47154595]]

 [[    0.             0.         79577.47154595]
  [    0.             0.         79577.47154595]
  [    0.             0.         79577.47154595]
  [    0.             0.         79577.47154595]
  [    0.             0.         79577.47154595]]

 [[    0.             0.         79577.47154595]
  [    0.             0.         79577.47154595]
  [    0.             0.         79577.47154595]
  [    0.             0.         79577.47154595]
  [    0.             0.         79577.47154595]]

 [[    0.             0.         79577.47154595]
  [    0.             0.         79577.47154595]
  [    0.             0.         79577.47154595]
  [    0.             0.         79577.47154595]
  [    0.             0.         79577.47154595]]]
[[[    0.             0.         79577.47154595]
  [    0.             0.         79577.47154595]
  [    0.             0.         79577.47154595]
  [    0.             0.         79577.47154595]
  [    0.             0.         79577.47154595]]

 [[    0.             0.         79577.47154595]
  [    0.             0.         79577.47154595]
  [    0.             0.         79577.47154595]
  [    0.             0.         79577.47154595]
  [    0.             0.         79577.47154595]]

 [[    0.             0.         79577.47154595]
  [    0.             0.         79577.47154595]
  [    0.             0.         79577.47154595]
  [    0.             0.         79577.47154595]
  [    0.             0.         79577.47154595]]

 [[    0.             0.         79577.47154595]
  [    0.             0.         79577.47154595]
  [    0.             0.         79577.47154595]
  [    0.             0.         79577.47154595]
  [    0.             0.         79577.47154595]]

 [[    0.             0.         79577.47154595]
  [    0.             0.         79577.47154595]
  [    0.             0.         79577.47154595]
  [    0.             0.         79577.47154595]
  [    0.             0.         79577.47154595]]]
[[[    0.             0.         79577.47154595]
  [    0.             0.         79577.47154595]
  [    0.             0.         79577.47154595]
  [    0.             0.         79577.47154595]
  [    0.             0.         79577.47154595]]

 [[    0.             0.         79577.47154595]
  [    0.             0.         79577.47154595]
  [    0.             0.         79577.47154595]
  [    0.             0.         79577.47154595]
  [    0.             0.         79577.47154595]]

 [[    0.             0.         79577.47154595]
  [    0.             0.         79577.47154595]
  [    0.             0.         79577.47154595]
  [    0.             0.         79577.47154595]
  [    0.             0.         79577.47154595]]

 [[    0.             0.         79577.47154595]
  [    0.             0.         79577.47154595]
  [    0.             0.         79577.47154595]
  [    0.             0.         79577.47154595]
  [    0.             0.         79577.47154595]]

 [[    0.             0.         79577.47154595]
  [    0.             0.         79577.47154595]
  [    0.             0.         79577.47154595]
  [    0.             0.         79577.47154595]
  [    0.             0.         79577.47154595]]]
[[[    0.             0.         79577.47154595]
  [    0.             0.         79577.47154595]
  [    0.             0.         79577.47154595]
  [    0.             0.         79577.47154595]
  [    0.             0.         79577.47154595]]

 [[    0.             0.         79577.47154595]
  [    0.             0.         79577.47154595]
  [    0.             0.         79577.47154595]
  [    0.             0.         79577.47154595]
  [    0.             0.         79577.47154595]]

 [[    0.             0.         79577.47154595]
  [    0.             0.         79577.47154595]
  [    0.             0.         79577.47154595]
  [    0.             0.         79577.47154595]
  [    0.             0.         79577.47154595]]

 [[    0.             0.         79577.47154595]
  [    0.             0.         79577.47154595]
  [    0.             0.         79577.47154595]
  [    0.             0.         79577.47154595]
  [    0.             0.         79577.47154595]]

 [[    0.             0.         79577.47154595]
  [    0.             0.         79577.47154595]
  [    0.             0.         79577.47154595]
  [    0.             0.         79577.47154595]
  [    0.             0.         79577.47154595]]]
[[[    0.             0.         79577.47154595]
  [    0.             0.         79577.47154595]
  [    0.             0.         79577.47154595]
  [    0.             0.         79577.47154595]
  [    0.             0.         79577.47154595]]

 [[    0.             0.         79577.47154595]
  [    0.             0.         79577.47154595]
  [    0.             0.         79577.47154595]
  [    0.             0.         79577.47154595]
  [    0.             0.         79577.47154595]]

 [[    0.             0.         79577.47154595]
  [    0.             0.         79577.47154595]
  [    0.             0.         79577.47154595]
  [    0.             0.         79577.47154595]
  [    0.             0.         79577.47154595]]

 [[    0.             0.         79577.47154595]
  [    0.             0.         79577.47154595]
  [    0.             0.         79577.47154595]
  [    0.             0.         79577.47154595]
  [    0.             0.         79577.47154595]]

 [[    0.             0.         79577.47154595]
  [    0.             0.         79577.47154595]
  [    0.             0.         79577.47154595]
  [    0.             0.         79577.47154595]
  [    0.             0.         79577.47154595]]]
