[[[   -512.44268107  383477.95154021   20009.94965076]
  [-108564.49696172  368324.67906156    2584.72312838]
  [-178540.70654456  339819.38256721  -10099.67020277]
  [-224527.36730071  311079.87367473  -16515.85685112]
  [-257297.38942548  284424.92673268  -18881.59018584]
  [-284424.9140797   257297.40341236  -18881.59018752]
  [-311079.85845857  224527.38841871  -16515.856359  ]
  [-339819.36672874  178540.73631928  -10099.67675972]
  [-368324.66662259  108564.53948323    2584.70968432]
  [-383477.95263696     512.49144726   20009.92738324]]

 [[  15279.81380969  378573.54167806   62486.80525739]
  [ -91558.77625037  368086.50416991   59877.50779308]
  [-160465.26073399  343182.20830535   62712.61436291]
  [-204726.21118358  317514.83054753   68756.8966489 ]
  [-235165.97524686  293973.31692169   75714.28547012]
  [-259652.80231866  270591.51591026   82563.02904722]
  [-283626.53866832  242773.88217099   89848.92152191]
  [-310058.74130651  203556.22178053   99420.52863398]
  [-337959.10657852  142755.91060543  113403.669552  ]
  [-357899.73313916   45928.154807    131355.95005535]]

 [[  45756.91225175  363651.72004149  114541.39641217]
  [ -53417.44560474  362349.81348823  115348.12165836]
  [-115911.335147    344468.75221633  123942.89463685]
  [-154499.79277669  324475.82320455  135282.12811635]
  [-179789.81114581  306256.85580984  146076.56238297]
  [-199818.62097769  288932.90444817  155068.67974456]
  [-220596.41491911  268899.10256975  162746.71843702]
  [-246260.42498605  239970.10699228  170956.57587762]
  [-278000.78130148  192277.24757028  182211.48608846]
  [-310051.10763453  110516.29458336  197763.64500628]]

 [[  87661.51833783  336311.88031721  163296.59322903]
  [  -1364.71910502  347852.48196866  162643.13182549]
  [ -56620.2145302   339324.46832352  170613.76410922]
  [ -89311.81574084  326466.33343409  181381.18067533]
  [-109486.4486886   314546.15570299  191126.74717587]
  [-125200.66012138  304071.26530796  198296.39512403]
  [-143053.82339649  292750.66539169  203196.09131175]
  [-168577.97662394  275533.54370801  207650.5046685 ]
  [-205622.80940907  243152.7311265   214597.31963947]
  [-252912.6553176   179231.9202655   226643.12815116]]

 [[ 137832.65538976  295899.24075158  202241.93044679]
  [  60964.32727278  323203.91253937  198188.24818698]
  [  12373.13420379  326316.35002235  202040.94945844]
  [ -16032.38139108  322012.93528927  208582.43515052]
  [ -32965.90007765  317092.75430691  214059.41838221]
  [ -46090.25801353  313603.84867875  216758.65429118]
  [ -62346.99024863  310762.31265432  216784.77308306]
  [ -88521.56900051  304953.64099939  215924.08078513]
  [-131153.38449225  287968.87071752  217551.64727922]
  [-193915.06139262  242788.64264082  225624.9630908 ]]

 [[ 193915.07005688  242788.63621224  225624.96256185]
  [ 131153.3862416   287968.87228815  217551.6441456 ]
  [  88521.56185056  304953.64517166  215924.07782379]
  [  62346.97602858  310762.31529258  216784.77339077]
  [  46090.24271208  313603.84952741  216758.65631696]
  [  32965.88292619  317092.75411447  214059.42130866]
  [  16032.36649203  322012.93160363  208582.44198567]
  [ -12373.14493223  326316.34460982  202040.95754319]
  [ -60964.32702408  323203.907509    198188.25646696]
  [-137832.647337    295899.24279756  202241.93294147]]

 [[ 252912.66436618  179231.90741926  226643.12821274]
  [ 205622.81532269  243152.72856244  214597.3168784 ]
  [ 168577.97418204  275533.54383004  207650.506489  ]
  [ 143053.81585716  292750.66593832  203196.09583203]
  [ 125200.65431671  304071.26448265  198296.40005454]
  [ 109486.43590323  314546.15577484  191126.75438169]
  [  89311.80353564  326466.33096329  181381.19113232]
  [  56620.20787515  339324.46270278  170613.77749655]
  [   1364.71927631  347852.47616993  162643.14422607]
  [ -87661.5112097   336311.87684681  163296.60420293]]

 [[ 310051.11438398  110516.27672661  197763.64440346]
  [ 278000.79012893  192277.23768026  182211.48305675]
  [ 246260.4294557   239970.10313734  170956.57485031]
  [ 220596.4166613   268899.10158923  162746.71769562]
  [ 199818.6190802   288932.90556425  155068.68011009]
  [ 179789.80650223  306256.85684988  146076.56591774]
  [ 154499.78808698  324475.81992923  135282.14132816]
  [ 115911.33472713  344468.74670497  123942.91034699]
  [  53417.45323016  362349.80744674  115348.13710553]
  [ -45756.89913028  363651.71686788  114541.41172966]]

 [[ 357899.73793698   45928.13141932  131355.94516036]
  [ 337959.11440279  142755.89504215  113403.6658261 ]
  [ 310058.74805229  203556.21213091   99420.52735308]
  [ 283626.54234218  242773.87943898   89848.9173066 ]
  [ 259652.80762634  270591.51288031   82563.02228541]
  [ 235165.97875877  293973.31443854   75714.28420351]
  [ 204726.2166636   317514.82511678   68756.90541081]
  [ 160465.27295266  343182.20022669   62712.62730741]
  [  91558.79660486  368086.49731474   59877.51880994]
  [ -15279.78655032  378573.54110701   62486.81538275]]

 [[ 383477.95283832     512.46246165   20009.92426655]
  [ 368324.67319408  108564.5172911     2584.70536563]
  [ 339819.37267004  178540.72480745  -10099.68035999]
  [ 311079.8620283   224527.38302549  -16515.86244133]
  [ 284424.91690256  257297.39945265  -18881.60162366]
  [ 257297.39471674  284424.92141446  -18881.59819399]
  [ 224527.38242317  311079.86283679  -16515.85540154]
  [ 178540.72681766  339819.37198836  -10099.66775968]
  [ 108564.52354187  368324.67124148    2584.72106438]
  [    512.47241682  383477.95184412   20009.94306496]]]
[[[ -45928.11302483  357899.73145319  131355.96925802]
  [-142755.87520566  337959.11644742  113403.68470356]
  [-203556.19339311  310058.75744496   99420.5364248 ]
  [-242773.86399079  283626.55272707   89848.92626592]
  [-270591.50261385  259652.81469455   82563.0337038 ]
  [-293973.30533422  235165.98737881   75714.29277901]
  [-317514.81809391  204726.22690209   68756.90735644]
  [-343182.1929314   160465.28996737   62712.62369319]
  [-368086.49252461   91558.81894863   59877.51409052]
  [-378573.54319003  -15279.76213761   62486.80873247]]

 [[ -13122.39972695  340445.23442285  177146.39421726]
  [-107474.92512113  325849.17693756  172416.51417229]
  [-166994.91323953  300019.25126165  171921.92362966]
  [-204675.21984721  274864.1014304   173244.85598527]
  [-230757.5997731   252531.90352014  174455.05969003]
  [-252531.89013252  230757.61308907  174455.06145576]
  [-274864.08699591  204675.23393506  173244.86224282]
  [-300019.23552923  166994.93759454  171921.92742711]
  [-325849.1638327   107474.96012345  172416.51712059]
  [-340445.23287923   13122.44315836  177146.39396658]]

 [[  23248.87484733  312140.23506843  222449.91227186]
  [ -62707.91539752  307225.74159569  221666.55374114]
  [-116460.41426374  287251.7914839   226670.20139138]
  [-149230.32766601  266149.12715147  233132.90505891]
  [-170840.27996491  247679.93517283  238588.03082781]
  [-188707.41319633  230856.1697218   241973.01731005]
  [-208200.89881704  211854.59415643  243363.95925977]
  [-232587.14198213  184185.75023594  243792.59790774]
  [-261438.62752957  137965.78156622  245094.44537215]
  [-285335.43154533   59829.3680394   249920.26373395]]

 [[  65502.58052596  274016.31949376  260922.34207813]
  [  -9835.97879828  282028.87059646  260420.75506988]
  [ -57267.87429348  271067.37226253  265892.59160156]
  [ -85217.07614035  256439.79819953  272823.53240414]
  [-102550.61812395  243576.19102407  278585.73166729]
  [-116556.35722866  233025.05744017  282081.43894023]
  [-133095.20043173  222354.31928508  283372.94210511]
  [-156713.65520254  206256.64192359  283469.62436117]
  [-189427.62836011  175464.9975063   284227.38830728]
  [-225787.44707172  115636.26121814  288278.13624402]]

 [[ 113757.45728007  227095.78565752  287997.82125872]
  [  50560.36910796  250675.13694802  286464.00261073]
  [   8781.00368753  251583.48220394  289973.52544048]
  [ -15971.94516054  245618.85208939  294741.03288494]
  [ -30837.69619518  239749.70458827  298370.7687479 ]
  [ -42553.80317516  236161.06882259  299788.46443434]
  [ -57257.40850803  234019.54945617  299019.12922634]
  [ -80726.10747339  229507.85730539  297094.99997019]
  [-117683.56757606  214348.95553761  296076.17800578]
  [-167621.35242545  173176.95388681  298946.19056537]]

 [[ 167621.35952223  173176.95138289  298946.18803666]
  [ 117683.56903084  214348.95718006  296076.17623846]
  [  80726.10144682  229507.86094241  297094.99879809]
  [  57257.39664784  234019.55203308  299019.12948063]
  [  42553.79049565  236161.06938822  299788.46578857]
  [  30837.68196397  239749.70401354  298370.77068056]
  [  15971.9321732   245618.84863916  294741.03646392]
  [  -8781.01082005  251583.47443547  289973.53196448]
  [ -50560.3695564   250675.13056657  286464.00811577]
  [-113757.45086751  227095.7844525   287997.82474183]]

 [[ 225787.45444578  115636.25162117  288278.13431806]
  [ 189427.63479757  175464.99398761  284227.38618917]
  [ 156713.65287322  206256.64271377  283469.62507397]
  [ 133095.19549965  222354.31736545  283372.9459279 ]
  [ 116556.35054116  233025.05443414  282081.44418677]
  [ 102550.60962794  243576.19055688  278585.73520325]
  [  85217.06449188  256439.79278377  272823.5411331 ]
  [  57267.86753387  271067.36477121  265892.60069456]
  [   9835.978985    282028.86092444  260420.76553737]
  [ -65502.57390452  274016.31269194  260922.35088355]]

 [[ 285335.43861557   59829.35201218  249920.25949863]
  [ 261438.63620871  137965.77389957  245094.44042985]
  [ 232587.14853052  184185.74781638  243792.59348833]
  [ 208200.90042114  211854.59359574  243363.95837554]
  [ 188707.41638125  230856.1692947   241973.0152337 ]
  [ 170840.27523279  247679.93381265  238588.03562825]
  [ 149230.32335857  266149.12137451  233132.91441122]
  [ 116460.41307781  287251.7816517   226670.21446072]
  [  62707.92000243  307225.73112785  221666.56694668]
  [ -23248.86198565  312140.22754849  222449.924168  ]]

 [[ 340445.24048093   13122.42274668  177146.38086943]
  [ 325849.1749255   107474.94621136  172416.50482839]
  [ 300019.24408274  166994.93211044  171921.9178274 ]
  [ 274864.09317229  204675.23199547  173244.85473507]
  [ 252531.89608417  230757.61250979  174455.05360669]
  [ 230757.60610985  252531.9006959   174455.05539643]
  [ 204675.2253194   274864.0937082   173244.86177206]
  [ 166994.92359951  300019.24102774  171921.93142568]
  [ 107474.9414774   325849.16654788  172416.5236121 ]
  [  13122.42245999  340445.22925921  177146.4024569 ]]

 [[ 378573.54529358  -15279.78718211   62486.78986411]
  [ 368086.50018766   91558.79992908   59877.4960661 ]
  [ 343182.2003997   160465.27919825   62712.61037977]
  [ 317514.82291711  204726.22376358   68756.89442828]
  [ 293973.30837896  235165.98780274   75714.27964058]
  [ 270591.50817093  259652.81188155   82563.02433769]
  [ 242773.87604559  283626.54328927   89848.92348592]
  [ 203556.21072879  310058.74537423   99420.53857577]
  [ 142755.89639928  337959.10735098  113403.68513311]
  [  45928.13953652  357899.72914011  131355.96629065]]]
[[[-110516.25733694  310051.10727025  197763.66639179]
  [-192277.21713025  278000.79224567  182211.50151247]
  [-239970.08478265  246260.43987649  170956.58560362]
  [-268899.0883531   220596.42756883  162746.72478039]
  [-288932.89310274  199818.62942426  155068.68999991]
  [-306256.84574886  179789.81700744  146076.57626188]
  [-324475.81182607  154499.80144199  135282.14551151]
  [-344468.73955322  115911.35263168  123942.91347919]
  [-362349.80234905   53417.47523767  115348.14292757]
  [-363651.71751128  -45756.87360955  114541.41988197]]

 [[ -59829.33036301  285335.43501297  249920.26879442]
  [-137965.7518294   261438.64078893  245094.44796768]
  [-184185.73107582  232587.15740849  243792.59766594]
  [-211854.58132789  208200.91128129  243363.95976402]
  [-230856.1591295   188707.42238576  241973.02024915]
  [-247679.92214853  170840.28600073  238588.0400265 ]
  [-266149.11262126  149230.33441407  233132.91732739]
  [-287251.77478947  116460.42935062  226670.21479623]
  [-307225.72508609   62707.9408964   221666.56940968]
  [-312140.22741431  -23248.83974179  222449.92668105]]

 [[ -13528.60071656  251157.87674269  290159.77997089]
  [ -83182.76890769  238965.92785967  288845.82787192]
  [-124916.02638385  216523.85949786  291495.11937702]
  [-149198.19396689  195793.88680982  294721.31379478]
  [-165145.87639455  179265.49954528  296726.67588651]
  [-179265.49031956  165145.88479009  296726.67678755]
  [-195793.8750998   149198.20091721  294721.31805567]
  [-216523.84534857  124916.03836258  291495.12475386]
  [-238965.91346377   83182.78867881  288845.83408809]
  [-251157.86936425   13528.62762981  290159.78510273]]

 [[  32493.21447047  209461.65546782  320196.82369139]
  [ -26594.11307096  211038.58345304  319705.28529272]
  [ -63410.78711592  198009.4830655   322842.55712882]
  [ -84584.79031161  183417.08721974  326587.7912044 ]
  [ -97724.72668374  171624.78967194  329318.70485086]
  [-108987.97382702  162571.69053646  330375.64528457]
  [-123007.39094876  153547.25811806  329770.25532392]
  [-142762.68750371  139357.67662138  328107.07554609]
  [-168029.65831467  111731.47587372  326707.99075893]
  [-190592.03051974   59797.24389264  327955.7401925 ]]

 [[  81032.28295367  161831.93926886  338674.16871057]
  [  33839.50635716  178942.63226753  338068.66486954]
  [   1501.20144921  177924.94347858  340288.79041537]
  [ -17880.53695484  171665.71224027  343026.48533203]
  [ -29654.62931111  166095.9641345   344947.43608071]
  [ -39198.97812607  162977.73044088  345481.83670666]
  [ -51369.06184491  161378.46902977  344636.34343868]
  [ -70420.95491572  157737.27357959  342951.66078098]
  [ -98934.4945723   144833.68116657  341600.89370999]
  [-133609.55299876  110731.10892578  342553.80433377]]

 [[ 133609.55846392  110731.11261174  342553.80101065]
  [  98934.49395145  144833.68549386  341600.89205509]
  [  70420.94854075  157737.2796602   342951.65929329]
  [  51369.05165869  161378.47049702  344636.34426991]
  [  39198.96747675  162977.73064874  345481.8378169 ]
  [  29654.61990558  166095.96614179  344947.43592275]
  [  17880.52582821  171665.70889825  343026.48758451]
  [  -1501.20920658  177924.93843524  340288.79301813]
  [ -33839.50847769  178942.62297745  338068.6695746 ]
  [ -81032.27842372  161831.93237689  338674.17308768]]

 [[ 190592.03730825   59797.24242888  327955.73651423]
  [ 168029.66253181  111731.47941878  326707.98737762]
  [ 142762.6850268   139357.67901125  328107.07560876]
  [ 123007.38484483  153547.25910849  329770.25713958]
  [ 108987.96960996  162571.69009986  330375.64689059]
  [  97724.71794109  171624.79054132  329318.70699215]
  [  84584.77994372  183417.08523429  326587.7950047 ]
  [  63410.77911523  198009.47494456  322842.56368109]
  [  26594.11027629  211038.57338283  319705.29217258]
  [ -32493.21039192  209461.64573533  320196.83047194]]

 [[ 251157.87855955   13528.62012985  290159.77749311]
  [ 238965.92404658   83182.7860039   288845.82610312]
  [ 216523.8509399   124916.04142865  291495.11928667]
  [ 195793.87879406  149198.20187772  294721.3151152 ]
  [ 179265.49123044  165145.8862689   296726.67541421]
  [ 165145.87610595  179265.50093637  296726.67520672]
  [ 149198.18754751  195793.88289682  294721.31964404]
  [ 124916.02317592  216523.8515666   291495.1266431 ]
  [  83182.76980278  238965.91500953  288845.83824524]
  [  13528.60793713  251157.8655374   290159.78933336]]

 [[ 312140.24062614  -23248.85015276  222449.90705422]
  [ 307225.73931346   62707.93646107  221666.55094554]
  [ 287251.78321141  116460.43149622  226670.20302099]
  [ 266149.11942663  149230.33838663  233132.90701537]
  [ 247679.92796682  170840.2900228   238588.0311065 ]
  [ 230856.16059502  188707.42472914  241973.01702343]
  [ 211854.58512686  208200.90619086  243363.96081185]
  [ 184185.73655402  232587.14607368  243792.60434097]
  [ 137965.76491338  261438.6271064   245094.45519756]
  [  59829.34820613  285335.42398285  249920.27711604]]

 [[ 363651.72451524  -45756.88835383  114541.39175541]
  [ 362349.81105844   53417.46909203  115348.11841427]
  [ 344468.74646301  115911.35337134  123942.89358341]
  [ 324475.81645258  154499.806096    135282.12909963]
  [ 306256.84969383  179789.82340823  146076.560113  ]
  [ 288932.89750578  199818.6324137   155068.67794379]
  [ 268899.09449935  220596.42267948  162746.72125252]
  [ 239970.09799921  246260.42718961  170956.58532692]
  [ 192277.23706413  278000.77963775  182211.49971335]
  [ 110516.28033037  310051.10129717  197763.66290689]]]
[[[-179231.89109246  252912.65460082  226643.15202138]
  [-243152.70732036  205622.81941125  214597.3370295 ]
  [-275533.52620126  168577.98852834  207650.51823398]
  [-292750.65419014  143053.82983362  203196.10291828]
  [-304071.25520797  125200.66403216  198296.40814234]
  [-314546.14800692  109486.44707405  191126.76076654]
  [-326466.325011     89311.8140114   181381.19668754]
  [-339324.45700634   56620.21910217  170613.78510008]
  [-347852.47002387    1364.73451481  162643.15724308]
  [-336311.87427702  -87661.49205966  163296.61977564]]

 [[-115636.23182231  225787.44977093  288278.1459214 ]
  [-175464.97478563  189427.63973932  284227.39474982]
  [-206256.62620961  156713.66672693  283469.62942373]
  [-222354.30946289  133095.20723758  283372.94661571]
  [-233025.04697823  116556.35844378  282081.44708066]
  [-243576.18227317  102550.61695088  278585.7397503 ]
  [-256439.78743217   85217.07423865  272823.5431189 ]
  [-271067.35824477   57267.87616822  265892.60548835]
  [-282028.8533247     9835.99117013  260420.77330747]
  [-274016.30745277  -65502.55900158  260922.3601269 ]]

 [[ -59797.22255873  190592.03627281  327955.74073897]
  [-111731.46129916  168029.6695859   326707.98994639]
  [-139357.66836172  142762.69624235  328107.07525197]
  [-153547.25262018  123007.3956036   329770.25614754]
  [-162571.68537958  108987.97670245  330375.6468736 ]
  [-171624.78280744   97724.72690796  329318.70836177]
  [-183417.07979432   84584.79068499  326587.79527793]
  [-198009.47140996   63410.79111765  322842.56349153]
  [-211038.5699014    26594.12275044  319705.29343304]
  [-209461.64561682  -32493.19587685  320196.83202243]]

 [[  -8748.40892052  149140.39497202  353746.53062461]
  [ -50689.41534112  141454.1218812   353379.84460803]
  [ -74807.26466555  126243.86531314  354855.40664341]
  [ -87549.13503747  112578.45614902  356535.04759742]
  [ -95280.13687985  102632.50869357  357553.16202688]
  [-102632.50823027   95280.13767092  357553.16194907]
  [-112578.45313247   87549.13680001  356535.04811711]
  [-126243.85840268   74807.2680081   354855.40839723]
  [-141454.11337473   50689.42379942  353379.8467998 ]
  [-149140.38948911    8748.42292596  353746.53258985]]

 [[  41421.40884604  103105.17119243  367572.5650298 ]
  [  10814.00605818  111224.82383712  367380.04278318]
  [  -9940.75319193  108176.25103733  368313.83375796]
  [ -22181.84913153  102496.91210637  369402.69162225]
  [ -29631.56161783   97954.03800572  370112.11408769]
  [ -35940.69976426   95395.38523419  370221.53715914]
  [ -44228.63959018   93796.61674298  369732.36553969]
  [ -56901.63384282   90343.57527136  368858.02481877]
  [ -74665.0433       79917.71518865  368095.49047501]
  [ -93481.9957713    55147.23516039  368342.09496171]]

 [[  93481.9951388    55147.24340384  368342.09388804]
  [  74665.03816674   79917.72402347  368095.4895981 ]
  [  56901.62535915   90343.57879571  368858.02526429]
  [  44228.62638376   93796.62033113  369732.36620921]
  [  35940.69031677   95395.38659047  370221.53772682]
  [  29631.54926782   97954.03907807  370112.11479264]
  [  22181.837282    102496.9104342   369402.69279776]
  [   9940.74339546  108176.24499485  368313.83579708]
  [ -10814.0130739   111224.81608075  367380.04492493]
  [ -41421.41139421  103105.16146049  367572.56747249]]

 [[ 149140.39263331    8748.42962413  353746.5310986 ]
  [ 141454.11135004   50689.4314418   353379.84651403]
  [ 126243.85317854   74807.27463827  354855.40885807]
  [ 112578.44748501   87549.1394428   356535.04925139]
  [ 102632.50102088   95280.14227969  357553.16279032]
  [  95280.12811996  102632.51415953  357553.16279224]
  [  87549.1219047   112578.45519696  356535.05112286]
  [  74807.25441399  126243.86072774  354855.41043585]
  [  50689.40788576  141454.11154917  353379.84981324]
  [   8748.40863143  149140.38405     353746.53523651]]

 [[ 209461.65557685  -32493.19181272  320196.82591935]
  [ 211038.57766554   26594.13284709  319705.28746803]
  [ 198009.47407766   63410.80058622  322842.55999559]
  [ 183417.07762683   84584.79901381  326587.7943381 ]
  [ 171624.78119172   97724.73557076  329318.70663313]
  [ 162571.68017327  108987.98321467  330375.64728721]
  [ 153547.24473047  123007.39662656  329770.25943956]
  [ 139357.65985358  142762.6910091   328107.08114269]
  [ 111731.46012468  168029.65816085  326707.99622408]
  [  59797.22665354  190592.02472536  327955.74670317]]

 [[ 274016.32380335  -65502.55342431  260922.34435593]
  [ 282028.8653333     9836.0039549   260420.75981958]
  [ 271067.36386951   57267.89173756  265892.59640082]
  [ 256439.78911037   85217.08810649  272823.53720982]
  [ 243576.18347085  102550.62969065  278585.73401347]
  [ 233025.04546801  116556.36850424  282081.44417124]
  [ 222354.30684524  133095.20889058  283372.94789331]
  [ 206256.62691709  156713.6600844   283469.63258122]
  [ 175464.97925771  189427.62934203  284227.39891845]
  [ 115636.24371225  225787.44118582  288278.14787611]]

 [[ 336311.88848916  -87661.48879988  163296.59225544]
  [ 347852.48057012    1364.74489347  162643.13460024]
  [ 339324.46177564   56620.2362906   170613.76991049]
  [ 326466.32602216   89311.83147002  181381.18627097]
  [ 314546.14847224  109486.46395181  191126.75033236]
  [ 304071.25644861  125200.67637952  198296.39844404]
  [ 292750.65566268  143053.8317499   203196.09944766]
  [ 275533.5323954   168577.98114414  207650.51600965]
  [ 243152.71958907  205622.80869416  214597.33339714]
  [ 179231.90773645  252912.64739124  226643.14690435]]]
[[[-242788.62006575  193915.0610929   225624.98764079]
  [-287968.85303925  131153.39140998  217551.66650918]
  [-304953.62989522   88521.57689331  215924.09323197]
  [-310762.30633624   62346.99068405  216784.78201484]
  [-313603.84286787   46090.25407382  216758.66353601]
  [-317092.75016224   32965.89423621  214059.42542143]
  [-322012.93024005   16032.37611426  208582.44335119]
  [-326316.34187359  -12373.1385497   202040.96235334]
  [-323203.90239601  -60964.32160974  198188.26647068]
  [-295899.23535111 -137832.64102619  202241.9481373 ]]

 [[-173176.93094133  167621.35448562  298946.20270234]
  [-214348.93697021  117683.57607559  296076.18806956]
  [-229507.84731971   80726.11647806  297095.00523745]
  [-234019.54371234   57257.41026746  299019.13338469]
  [-236161.06546443   42553.80086323  299788.46740793]
  [-239749.70033693   30837.69140441  298370.77265912]
  [-245618.84745273   15971.93974239  294741.03704245]
  [-251583.47234293   -8781.00794125  289973.53386717]
  [-250675.12503689  -50560.36782384  286464.0132604 ]
  [-227095.77521238 -113757.44613046  287997.83389908]]

 [[-110731.09180623  133609.5555912   342553.80885654]
  [-144833.66867734   98934.50238813  341600.89674161]
  [-157737.26828225   70420.9622523   342951.66171097]
  [-161378.46671052   51369.06258115  344636.34441494]
  [-162977.727925     39198.97562998  345481.83817672]
  [-166095.96334182   29654.62924855  344947.43646777]
  [-171665.70981227   17880.53591755  343026.48660118]
  [-177924.93804328   -1501.20501665  340288.79324155]
  [-178942.6222351   -33839.50403456  338068.67041227]
  [-161831.93087516  -81032.27543708  338674.17451986]]

 [[ -55147.22455538   93481.99675642  368342.09629945]
  [ -79917.7077159    74665.04879945  368095.49098191]
  [ -90343.57052277   56901.63792563  368858.025352  ]
  [ -93796.61533617   44228.63885224  369732.36598485]
  [ -95395.38475993   35940.70188619  370221.53707535]
  [ -97954.03614342   29631.56415841  370112.11437717]
  [-102496.91321282   22181.85065687  369402.69122366]
  [-108176.25089965    9940.75621762  368313.83371674]
  [-111224.82022217  -10814.00231491  367380.0439878 ]
  [-103105.1687579   -41421.40318404  367572.56635074]]

 [[  -2929.74444086   49002.21862531  380849.31294058]
  [ -16865.0400942    46408.81933904  380812.01649919]
  [ -24715.32189794   41064.5713305   380997.18351311]
  [ -28607.85643775   36317.37651177  381206.818818  ]
  [ -30817.44005676   33028.67304855  381333.70182165]
  [ -33028.67122367   30817.44398257  381333.70166244]
  [ -36317.37645426   28607.86254876  381206.81836487]
  [ -41064.56992662   24715.32591056  380997.18340413]
  [ -46408.81830133   16865.04641283  380812.01634582]
  [ -49002.22088542    2929.75110369  380849.31259852]]

 [[  49002.20977512    2929.76159295  380849.31394735]
  [  46408.80494749   16865.05242543  380812.01770694]
  [  41064.55646616   24715.33037452  380997.18456534]
  [  36317.36277468   28607.86338796  381206.81960514]
  [  33028.66029988   30817.44568027  381333.70247139]
  [  30817.42966741   33028.67565381  381333.70243561]
  [  28607.84249514   36317.37573261  381206.81993856]
  [  24715.30800067   41064.56816088  380997.18475626]
  [  16865.02864065   46408.81337134  380812.0177337 ]
  [   2929.73623981   49002.21159239  380849.31390856]]

 [[ 103105.16137587  -41421.38788648  367572.57014529]
  [ 111224.81023386  -10813.98981577  367380.04737969]
  [ 108176.23655043    9940.76236924  368313.83776516]
  [ 102496.89970463   22181.85620198  369402.69463876]
  [  97954.02737844   29631.57025078  370112.11620915]
  [  95395.37111251   35940.70647928  370221.540146  ]
  [  93796.60261261   44228.63947723  369732.3691379 ]
  [  90343.55765537   56901.63456967  368858.02902129]
  [  79917.6983738    74665.04319511  368095.49414698]
  [  55147.21935679   93481.99055498  368342.09865164]]

 [[ 161831.93439179  -81032.25398603  338674.17797192]
  [ 178942.61941406  -33839.48494238  338068.67381653]
  [ 177924.9300534    -1501.18694437  340288.7974989 ]
  [ 171665.7013915    17880.54632366  343026.49027288]
  [ 166095.95433047   29654.63931432  344947.43994149]
  [ 162977.71901305   39198.98514757  345481.84130097]
  [ 161378.45573579   51369.06479322  344636.34922423]
  [ 157737.25848163   70420.9565237   342951.66739497]
  [ 144833.66372107   98934.49279571  341600.90162116]
  [ 110731.09286043  133609.54709128  342553.81183107]]

 [[ 227095.78944746 -113757.42245788  287997.83202478]
  [ 250675.12995351  -50560.34108524  286464.01367734]
  [ 251583.47045257   -8780.9846297   289973.53621317]
  [ 245618.84256232   15971.95758263  294741.04015105]
  [ 239749.69566608   30837.70886649  298370.77460751]
  [ 236161.05814777   42553.81375374  299788.47134194]
  [ 234019.53698363   57257.41500868  299019.13774287]
  [ 229507.84236597   80726.11178514  297095.01033941]
  [ 214348.93896699  117683.56655678  296076.19040747]
  [ 173176.93535696  167621.34546719  298946.2052011 ]]

 [[ 295899.25329491 -137832.61547276  202241.93929908]
  [ 323203.91156505  -60964.29406407  198188.25999115]
  [ 326316.34310503  -12373.11161701  202040.96201383]
  [ 322012.92747375   16032.39954189  208582.4458211 ]
  [ 317092.74674308   32965.91753557  214059.42689816]
  [ 313603.83885407   46090.27269524  216758.66538357]
  [ 310762.30337371   62346.99860262  216784.78398428]
  [ 304953.62983661   88521.5729939   215924.09491338]
  [ 287968.85716625  131153.38092994  217551.66736435]
  [ 242788.62959683  193915.05084533  225624.98619201]]]
[[[-295899.22730511  137832.64541844  202241.95691595]
  [-323203.89740848   60964.33045557  198188.27188327]
  [-326316.33864231   12373.14841167  202040.96696824]
  [-322012.9282967   -16032.36829279  208582.44695254]
  [-317092.75162013  -32965.88625294  214059.42449127]
  [-313603.84900231  -46090.2459486   216758.65638847]
  [-310762.31597174  -62346.97847155  216784.7717146 ]
  [-304953.64238796  -88521.56639489  215924.07989223]
  [-287968.86876595 -131153.38542838  217551.64929812]
  [-242788.63543365 -193915.06331125  225624.96919726]]

 [[-227095.7659386   113757.4520301   287997.83888144]
  [-250675.11783481   50560.37486155  286464.01832056]
  [-251583.46700549    8781.01737686  289973.53821224]
  [-245618.8465109   -15971.9275656   294741.03848716]
  [-239749.70318824  -30837.68451781  298370.77107976]
  [-236161.07161786  -42553.79277178  299788.46370906]
  [-234019.55470653  -57257.40024798  299019.12669894]
  [-229507.86266784  -80726.10712848  297094.99592138]
  [-214348.95667873 -117683.56955159  296076.17639441]
  [-173176.94887346 -167621.35591714  298946.19151175]]

 [[-161831.91976678   81032.27764789  338674.17929891]
  [-178942.61458021   33839.5134265   338068.67352397]
  [-177924.93238671    1501.21604617  340288.79615052]
  [-171665.70765977  -17880.5232266   343026.48833991]
  [-166095.96726889  -29654.61746541  344947.43558982]
  [-162977.73470062  -39198.96653475  345481.83601234]
  [-161378.47644599  -51369.05162835  344636.34148879]
  [-157737.28443858  -70420.94904468  342951.65699205]
  [-144833.68711233  -98934.49528346  341600.89098311]
  [-110731.11237504 -133609.55688112  342553.80170451]]

 [[-103105.15436295   41421.40765333  367572.56988493]
  [-111224.80868505   10814.01300024  367380.04716615]
  [-108176.24062372   -9940.74139009  368313.83713504]
  [-102496.90716459  -22181.83395739  369402.69390461]
  [ -97954.0379792   -29631.54830153  370112.11516083]
  [ -95395.38871467  -35940.68601949  370221.53759665]
  [ -93796.62396298  -44228.62038195  369732.36600581]
  [ -90343.58602664  -56901.62118546  368858.02413708]
  [ -79917.72763001  -74665.03371271  368095.48971854]
  [ -55147.24749254  -93481.99090294  368342.09435092]]

 [[ -49002.20630174   -2929.74133487  380849.31455009]
  [ -46408.80645366  -16865.03240719  380812.01840994]
  [ -41064.56019773  -24715.3103854   380997.18545984]
  [ -36317.36896172  -28607.84358292  381206.82050199]
  [ -33028.66929496  -30817.42393244  381333.70344984]
  [ -30817.44397764  -33028.6532427   381333.70322024]
  [ -28607.86704058  -36317.3547471   381206.82009581]
  [ -24715.33456944  -41064.54822396  380997.18518157]
  [ -16865.05766953  -46408.79843255  380812.01826866]
  [  -2929.7679241   -49002.20695091  380849.31426202]]

 [[   2929.74735176  -49002.19734527  380849.31565619]
  [  16865.03497502  -46408.79729539  380812.01941232]
  [  24715.31338938  -41064.55163409  380997.18618798]
  [  28607.84974128  -36317.35778847  381206.8211043 ]
  [  30817.4316896   -33028.65396403  381333.70415081]
  [  33028.65744907  -30817.42177527  381333.70465019]
  [  36317.35637786  -28607.83959914  381206.82199981]
  [  41064.54528803  -24715.30705047  380997.18728317]
  [  46408.78993619  -16865.03142294  380812.02046648]
  [  49002.19010307   -2929.74791248  380849.3165837 ]]

 [[  55147.22801449  -93481.97417749  368342.10151189]
  [  79917.70281986  -74665.02666971  368095.49653372]
  [  90343.56238696  -56901.61637616  368858.030669  ]
  [  93796.60648683  -44228.6203577   369732.3704422 ]
  [  95395.3733503   -35940.68122241  370221.5420213 ]
  [  97954.02562638  -29631.5437182   370112.11879708]
  [ 102496.89325539  -22181.83339344  369402.69779781]
  [ 108176.22733088   -9940.74141026  368313.84103869]
  [ 111224.79568065   10814.0102275   367380.05118487]
  [ 103105.1459943    41421.40326058  367572.57272737]]

 [[ 110731.10093215 -133609.52940472  342553.81612033]
  [ 144833.6700403   -98934.47516754  341600.90404737]
  [ 157737.26239989  -70420.93790873  342951.66941516]
  [ 161378.4585688   -51369.04130113  344636.35139921]
  [ 162977.71998542  -39198.95947663  345481.84375493]
  [ 166095.95327726  -29654.61089679  344947.44289164]
  [ 171665.69585522  -17880.52100449  343026.49436327]
  [ 177924.92114208    1501.21209813  340288.80204735]
  [ 178942.60574736   33839.50709995  338068.67883253]
  [ 161831.91753305   81032.27322621  338674.18142422]]

 [[ 173176.95058186 -167621.32574397  298946.2074404 ]
  [ 214348.946756   -117683.54299593  296076.1941334 ]
  [ 229507.84799638  -80726.08544931  297095.0131458 ]
  [ 234019.54079627  -57257.38361933  299019.14076957]
  [ 236161.05877458  -42553.77842229  299788.47586332]
  [ 239749.69260657  -30837.67306774  298370.78076585]
  [ 245618.83525816  -15971.92610809  294741.04794348]
  [ 251583.46017112    8781.0140302   289973.54424314]
  [ 250675.11367577   50560.36597057  286464.02352924]
  [ 227095.76655929  113757.44231062  287997.84223114]]

 [[ 242788.64654866 -193915.03125557  225624.98478719]
  [ 287968.87043782 -131153.35594281  217551.66486079]
  [ 304953.63785396  -88521.54047299  215924.09692279]
  [ 310762.30800515  -62346.95874781  216784.78880727]
  [ 313603.84172301  -46090.22672584  216758.67100748]
  [ 317092.74483083  -32965.87300125  214059.43658927]
  [ 322012.92268373  -16032.36266658  208582.45605039]
  [ 326316.33353017   12373.14538334  202040.9754103 ]
  [ 323203.89724373   60964.31977894  198188.27543614]
  [ 295899.23345073  137832.63535083  202241.95478564]]]
[[[-336311.86782636   87661.51089213  163296.62295117]
  [-347852.46902209   -1364.71520701  162643.15954764]
  [-339324.45990875  -56620.20420236  170613.78427231]
  [-326466.33075916  -89311.80131854  181381.19259143]
  [-314546.1578024  -109486.4334617   191126.75244346]
  [-304071.27130712 -125200.64630199  198296.39465012]
  [-292750.67447032 -143053.81092841  203196.08700965]
  [-275533.55304782 -168577.97213377  207650.49592069]
  [-243152.7368299  -205622.81222634  214597.31047769]
  [-179231.91821901 -252912.66158794  226643.12277243]]

 [[-274016.2999086    65502.57449477  260922.36416022]
  [-282028.85227312   -9835.97430592  260420.77508325]
  [-271067.36075423  -57267.86231127  265892.60591455]
  [-256439.79241755  -85217.06047096  272823.54273327]
  [-243576.19339106 -102550.60362203  278585.73493609]
  [-233025.06259557 -116556.34464552  282081.43988076]
  [-222354.33135254 -133095.19115225  283372.93699454]
  [-206256.65450201 -156713.65247926  283469.61671447]
  [-175465.0055945  -189427.63456499  284227.37917878]
  [-115636.26290927 -225787.45662828  288278.1280807 ]]

 [[-209461.63587499   32493.20719703  320196.83724644]
  [-211038.56684285  -26594.10923528  319705.29657623]
  [-198009.47055873  -63410.77493353  322842.5671924 ]
  [-183417.08373296  -84584.77370011  326587.79746493]
  [-171624.79320176  -97724.71054817  329318.7077995 ]
  [-162571.6997102  -108987.95978946  330375.64540121]
  [-153547.27219721 -123007.37911783  329770.25318145]
  [-139357.69403803 -142762.68119455  328107.07089386]
  [-111731.49276156 -168029.65886615  326707.98469979]
  [ -59797.25493989 -190592.03794174  327955.73386491]]

 [[-149140.37964799   -8748.41598193  353746.53691062]
  [-141454.10555761  -50689.41286994  353379.85149665]
  [-126243.85333349  -74807.25339839  354855.41328054]
  [-112578.45215156  -87549.11800089  356535.05304307]
  [-102632.51285976  -95280.11886472  357553.16563165]
  [ -95280.14476396 -102632.49112108  357553.16496996]
  [ -87549.14796103 -112578.43632137  356535.05068469]
  [ -74807.28517607 -126243.84536078  354855.40941785]
  [ -50689.44531156 -141454.10497697  353379.84707559]
  [  -8748.44361479 -149140.38904271  353746.53226641]]

 [[ -93481.98825128  -55147.22776415  368342.09797757]
  [ -74665.03791749  -79917.70620327  368095.49351763]
  [ -56901.62605564  -90343.56380988  368858.02882729]
  [ -44228.62993952  -93796.60129985  369732.37061187]
  [ -35940.69588558  -95395.36483035  370221.54279316]
  [ -29631.56643543  -97954.01555272  370112.11964441]
  [ -22181.85941766 -102496.88792088  369402.69771526]
  [  -9940.77306433 -108176.22485538  368313.84091142]
  [  10813.9790983  -111224.80161927  367380.05030325]
  [  41421.37513044 -103105.15838836  367572.57242076]]

 [[ -41421.40471162 -103105.15421325  367572.57025842]
  [ -10814.01002711 -111224.80759206  367380.04758457]
  [   9940.74774222 -108176.23612169  368313.83828587]
  [  22181.84366266 -102496.89689197  369402.69617213]
  [  29631.55535057  -97954.01895182  370112.11963227]
  [  35940.68854313  -95395.36593696  370221.54322081]
  [  44228.61785457  -93796.59501106  369732.3736529 ]
  [  56901.60916273  -90343.55486618  368858.03362382]
  [  74665.01571384  -79917.69996786  368095.49937523]
  [  93481.96564146  -55147.22993013  368342.10339146]]

 [[   8748.40996174 -149140.37515289  353746.53895466]
  [  50689.41048136 -141454.10265639  353379.8530006 ]
  [  74807.25575546 -126243.85097123  354855.41362404]
  [  87549.12676857 -112578.43824612  356535.05528086]
  [  95280.12802893 -102632.49400825  357553.16860075]
  [ 102632.49810237  -95280.11891667  357553.16985379]
  [ 112578.43822961  -87549.11676751  356535.05774189]
  [ 126243.83952559  -74807.25169487  354855.41855198]
  [ 141454.09159027  -50689.41131759  353379.8573103 ]
  [ 149140.36767795   -8748.41786939  353746.54191054]]

 [[  59797.22724446 -190592.0118759   327955.75406291]
  [ 111731.45870243 -168029.64638551  326708.00276667]
  [ 139357.66259825 -142762.67566577  328107.08665297]
  [ 153547.24659881 -123007.37809137  329770.26548343]
  [ 162571.67957767 -108987.95756567  330375.65604166]
  [ 171624.77745634  -97724.71015371  329318.71612229]
  [ 183417.06915432  -84584.77382844  326587.8056193 ]
  [ 198009.45790039  -63410.77751188  322842.57444974]
  [ 211038.55519994  -26594.11356792  319705.30390135]
  [ 209461.63077415   32493.20215437  320196.84109496]]

 [[ 115636.2500908  -225787.4234002   288278.15924769]
  [ 175464.98527351 -189427.61060775  284227.4076904 ]
  [ 206256.62990371 -156713.6387246   283469.6422167 ]
  [ 222354.3100126  -133095.18261177  283372.95775066]
  [ 233025.04519404 -116556.34048693  282081.45597435]
  [ 243576.17888221 -102550.59862424  278585.74946137]
  [ 256439.77918204  -85217.05979491  272823.55538512]
  [ 271067.34977999  -57267.86587874  265892.61633402]
  [ 282028.84592428   -9835.98220984  260420.78166035]
  [ 274016.2981496    65502.5679572   260922.3676487 ]]

 [[ 179231.92244976 -252912.62892856  226643.15587153]
  [ 243152.73045421 -205622.78484583  214597.34393722]
  [ 275533.54004272 -168577.95327004  207650.52849153]
  [ 292750.66062783 -143053.8001487   203196.11454204]
  [ 304071.25869008 -125200.6405959   198296.41760004]
  [ 314546.14704791 -109486.43045418  191126.77186547]
  [ 326466.32202903  -89311.80034908  181381.20878207]
  [ 339324.45383486  -56620.20916245  170613.79470627]
  [ 347852.46662777   -1364.72542196  162643.16458277]
  [ 336311.8695652    87661.50242783  163296.62391384]]]
[[[-363651.71231475   45756.89907583  114541.4262069 ]
  [-362349.80479603  -53417.44707405  115348.14828322]
  [-344468.74714599 -115911.32788218  123942.91552269]
  [-324475.82379138 -154499.77966868  135282.14167891]
  [-306256.8625131  -179789.79755776  146076.56505329]
  [-288932.91479707 -199818.60754947  155068.67776524]
  [-268899.11592053 -220596.40378151  162746.71147467]
  [-239970.12055912 -246260.41915211  170956.56523768]
  [-192277.25818014 -278000.78182954  182211.47408682]
  [-110516.29796711 -310051.11337535  197763.63411494]]

 [[-312140.22015249   23248.86372138  222449.93436461]
  [-307225.72626434  -62707.91685318  221666.57457831]
  [-287251.78032437 -116460.40795092  226670.21877693]
  [-266149.12456429 -149230.31437693  233132.91651893]
  [-247679.93935137 -170840.26472439  238588.03740297]
  [-230856.18264304 -188707.39959626  241973.01558873]
  [-211854.61094191 -208200.88670269  243363.95501155]
  [-184185.76784018 -232587.13732907  243792.5890469 ]
  [-137965.79549082 -261438.62962102  245094.43530295]
  [ -59829.37652128 -285335.43914278  249920.25302938]]

 [[-251157.85927129  -13528.6111053   290159.79460949]
  [-238965.91088528  -83182.76866333  288845.84198543]
  [-216523.84809931 -124916.0184332   291495.13125104]
  [-195793.8817277  -149198.17820642  294721.32514951]
  [-179265.50455857 -165145.86088508  296726.6814897 ]
  [-165145.896806   -179265.47419405  296726.67984212]
  [-149198.21763098 -195793.86267541  294721.31784854]
  [-124916.06059276 -216523.83827719  291495.12048008]
  [ -83182.80854659 -238965.91573845  288845.82648463]
  [ -13528.64464053 -251157.87815046  290159.7767044 ]]

 [[-190592.0208864   -59797.23455676  327955.74749317]
  [-168029.6529169  -111731.46395786  326707.99761019]
  [-142762.68337259 -139357.66033769  328107.08425979]
  [-123007.38951701 -153547.2388376   329770.26483532]
  [-108987.97706507 -162571.66722012  330375.6556899 ]
  [ -97724.73682745 -171624.76469188  329318.71485912]
  [ -84584.80621843 -183417.06221817  326587.80112589]
  [ -63410.81575127 -198009.45859066  322842.56651562]
  [ -26594.14960623 -211038.5665318   319705.29342337]
  [  32493.16986133 -209461.65038452  320196.8315436 ]]

 [[-133609.5435638  -110731.10380805  342553.80966809]
  [ -98934.48697143 -144833.67394484  341600.89897326]
  [ -70420.94670813 -157737.26466717  342951.66656549]
  [ -51369.05114333 -161378.45485604  344636.35167073]
  [ -39198.97284057 -162977.70800842  345481.84788866]
  [ -29654.63146421 -166095.94084886  344947.4471079 ]
  [ -17880.54838057 -171665.6857741   343026.49798131]
  [   1501.18006946 -177924.91782683  340288.80392207]
  [  33839.47208177 -178942.60983951  338068.68017172]
  [  81032.24080258 -161831.93072599  338674.1828779 ]]

 [[ -81032.27455609 -161831.93039068  338674.17496215]
  [ -33839.50242933 -178942.61979585  338068.67186406]
  [  -1501.2027245  -177924.93259006  340288.79610296]
  [  17880.53437507 -171665.69691964  343026.49313363]
  [  29654.62596674 -166095.94696061  344947.44463763]
  [  39198.96716133 -162977.70815416  345481.84846429]
  [  51369.04441862 -161378.44867499  344636.35556739]
  [  70420.93153993 -157737.25486078  342951.67419045]
  [  98934.46613177 -144833.66627799  341600.90825947]
  [ 133609.5226245  -110731.10294115  342553.81811547]]

 [[ -32493.210524   -209461.64085044  320196.83365406]
  [  26594.10928868 -211038.5690328   319705.2951262 ]
  [  63410.78207361 -198009.46770292  322842.56754155]
  [  84584.78435476 -183417.0739029   326587.80022615]
  [  97724.72144706 -171624.77273468  329318.71523171]
  [ 108987.96714574 -162571.67380485  330375.65572198]
  [ 123007.37781565 -153547.23934264  329770.26896488]
  [ 142762.67115131 -139357.66034792  328107.08957304]
  [ 168029.63859539 -111731.4626926   326708.00540861]
  [ 190592.00767945  -59797.23685354  327955.75474963]]

 [[  13528.60720295 -251157.85540581  290159.79813734]
  [  83182.769983   -238965.90739767  288845.84449073]
  [ 124916.02151728 -216523.84051528  291495.13556286]
  [ 149198.18920121 -195793.86884318  294721.32814321]
  [ 165145.87350153 -179265.48298305  296726.68750261]
  [ 179265.48638747 -165145.86650964  296726.68933725]
  [ 195793.86619388 -149198.18320869  294721.33293686]
  [ 216523.83330151 -124916.0232412   291495.14018251]
  [ 238965.89889366  -83182.77545961  288845.84994904]
  [ 251157.85199121  -13528.6176043   290159.80060801]]

 [[  59829.35313841 -285335.41229841  249920.28927548]
  [ 137965.76723713 -261438.61370215  245094.46818761]
  [ 184185.73693247 -232587.13201171  243792.61747069]
  [ 211854.58259002 -208200.89130974  243363.97575121]
  [ 230856.16004899 -188707.40550432  241973.03253723]
  [ 247679.92058764 -170840.27035515  238588.05284984]
  [ 266149.10789585 -149230.31892835  233132.93263455]
  [ 287251.76808694 -116460.41421761  226670.23106528]
  [ 307225.71657656  -62707.92559769  221666.58553164]
  [ 312140.21477699   23248.85438953  222449.94288277]]

 [[ 110516.29256293 -310051.08646511  197763.67932446]
  [ 192277.24507472 -278000.7629931   182211.51665505]
  [ 239970.10214521 -246260.40997886  170956.60429905]
  [ 268899.09677216 -220596.40395113  162746.74288275]
  [ 288932.89819871 -199818.61232172  155068.70254283]
  [ 306256.84910138 -179789.80197532  146076.58773454]
  [ 324475.81203127 -154499.78778636  135282.16061482]
  [ 344468.73934274 -115911.33584311  123942.92976483]
  [ 362349.8002743   -53417.45696191  115348.15790854]
  [ 363651.71005169   45756.89290769  114541.43585582]]]
[[[-378573.53929166   15279.79061809   62486.82538628]
  [-368086.49776748  -91558.78952626   59877.5268507 ]
  [-343182.20443437 -160465.26223912   62712.63169485]
  [-317514.83315988 -204726.20295106   68756.90909786]
  [-293973.32606618 -235165.96252966   75714.28946431]
  [-270591.53164804 -259652.7870991    82563.02533239]
  [-242773.89985889 -283626.52461852   89848.91807989]
  [-203556.23908351 -310058.73202416   99420.52215587]
  [-142755.92463643 -337959.10444082  113403.65826003]
  [ -45928.16220929 -357899.73753293  131355.93549565]]

 [[-340445.22517924  -13122.42092432  177146.41041167]
  [-325849.16487776 -107474.93531534  172416.53060955]
  [-300019.24213128 -166994.91506947  171921.93778547]
  [-274864.09942101 -204675.21122341  173244.86936164]
  [-252531.91164189 -230757.58733043  174455.06439176]
  [-230757.6277719  -252531.87566391  174455.06297827]
  [-204675.25224125 -274864.0740877   173244.86109519]
  [-166994.9573271  -300019.22781158  171921.92172804]
  [-107474.97783941 -325849.16453805  172416.50474439]
  [ -13122.45754932 -340445.23930334  177146.38055449]]

 [[-285335.42020191  -59829.34944083  249920.28113718]
  [-261438.62369764 -137965.76065572  245094.4612303 ]
  [-232587.14372049 -184185.72989873  243792.61161409]
  [-208200.90613616 -211854.57127221  243363.97291948]
  [-188707.42734121 -230856.14388346  241973.03093015]
  [-170840.29887098 -247679.90759932  238588.04591443]
  [-149230.35211086 -266149.10042188  233132.91992659]
  [-116460.45364147 -287251.76618106  226670.21322504]
  [ -62707.96428311 -307225.72696362  221666.56019153]
  [  23248.8171857  -312140.23687617  222449.91576163]]

 [[-225787.43534044 -115636.24854202  288278.15051702]
  [-189427.62120591 -175464.98323045  284227.40188837]
  [-156713.64992827 -206256.62528341  283469.63938464]
  [-133095.19653376 -222354.29890572  283372.95992699]
  [-116556.35835045 -233025.03035127  282081.46085461]
  [-102550.62528846 -243576.16385867  278585.75278151]
  [ -85217.0942968  -256439.769331    272823.55386783]
  [ -57267.90446928 -271067.34715084  265892.61070271]
  [  -9836.02425857 -282028.85295501  260420.77245808]
  [  65502.52984112 -274016.3163414   260922.35811272]]

 [[-167621.33925668 -173176.94842258  298946.20111458]
  [-117683.55589405 -214348.94676802  296076.18899799]
  [ -80726.09557024 -229507.8488094   297095.0097677 ]
  [ -57257.39405746 -234019.53547335  299019.14293668]
  [ -42553.79254876 -236161.04776317  299788.48253247]
  [ -30837.69538986 -239749.67834331  298370.78991973]
  [ -15971.95363883 -245618.82466679  294741.05527779]
  [   8780.97931763 -251583.45476689  289973.54998307]
  [  50560.3311165  -250675.11758922  286464.02625639]
  [ 113757.40884518 -227095.78162979  287997.84356621]]

 [[-113757.44372187 -227095.77992017  287997.83113821]
  [ -50560.36163519 -250675.12789418  286464.01185237]
  [  -8781.00218807 -251583.47066318  289973.53549874]
  [  15971.94606009 -245618.84090861  294741.04215355]
  [  30837.69426427 -239749.68754159  298370.78264498]
  [  42553.7967892  -236161.04897868  299788.48097303]
  [  57257.39143886 -234019.52848692  299019.14890584]
  [  80726.08509396 -229507.83941559  297095.01987107]
  [ 117683.53690912 -214348.94258666  296076.19957122]
  [ 167621.31897164 -173176.9484434   298946.2124765 ]]

 [[ -65502.57489982 -274016.30856462  260922.35496813]
  [   9835.97994367 -282028.85772608  260420.7689649 ]
  [  57267.86943351 -271067.36108505  265892.60404331]
  [  85217.07268327 -256439.78487423  272823.54600905]
  [ 102550.61522052 -243576.17709085  278585.74491833]
  [ 116556.35203719 -233025.03874055  282081.45653295]
  [ 133095.19163996 -222354.30211596  283372.95970654]
  [ 156713.63927856 -206256.62620573  283469.64460115]
  [ 189427.60890698 -175464.98561743  284227.40861159]
  [ 225787.4238931  -115636.25550407  288278.15669022]]

 [[ -23248.86444045 -312140.2197199   222449.93489646]
  [  62707.92009314 -307225.72497653  221666.57544663]
  [ 116460.41259946 -287251.77524665  226670.2228234 ]
  [ 149230.32368234 -266149.11213085  233132.92475673]
  [ 170840.27581325 -247679.9214235   238588.04807387]
  [ 188707.41007807 -230856.15613121  241973.03270808]
  [ 208200.89031087 -211854.58141047  243363.97763259]
  [ 232587.12941249 -184185.73910644  243792.618308  ]
  [ 261438.61211225 -137965.77177591  245094.46732861]
  [ 285335.41402674  -59829.36080097  249920.28546786]]

 [[  13122.42397764 -340445.22057829  177146.41902774]
  [ 107474.94208038 -325849.15869397  172416.5380793 ]
  [ 166994.92114029 -300019.23303572  171921.9477612 ]
  [ 204675.22300417 -274864.08521751  173244.87797835]
  [ 230757.60123491 -252531.89109451  174455.07574313]
  [ 252531.89027835 -230757.600953    174455.07729745]
  [ 274864.08230732 -204675.22450101  173244.88082715]
  [ 300019.22871453 -166994.92481716  171921.95173057]
  [ 325849.15451742 -107474.94866812  172416.5418661 ]
  [ 340445.21876253  -13122.43474552  177146.42171968]]

 [[  45928.1461901  -357899.72075178  131355.98681955]
  [ 142755.90530181 -337959.09689898  113403.70507479]
  [ 203556.21500983 -310058.73585162   99420.55950841]
  [ 242773.87589473 -283626.53608987   89848.94661995]
  [ 270591.50987913 -259652.80220688   82563.04916516]
  [ 293973.30835957 -235165.97852426   75714.30853447]
  [ 317514.81916961 -204726.21830684   68756.92798165]
  [ 343182.19460643 -160465.27659502   62712.64874327]
  [ 368086.49174123  -91558.803252     59877.54290799]
  [ 378573.53739923   15279.77859879   62486.83979052]]]
[[[-383477.95110061    -512.46891008   20009.95740354]
  [-368324.673427   -108564.51583065    2584.73351562]
  [-339819.37847091 -178540.71503476  -10099.65794083]
  [-311079.87489477 -224527.36634803  -16515.84682282]
  [-284424.93756939 -257297.37757704  -18881.5884033 ]
  [-257297.42106001 -284424.89807198  -18881.59083897]
  [-224527.40969036 -311079.84311394  -16515.85619772]
  [-178540.75649347 -339819.35605266  -10099.67933624]
  [-108564.55552611 -368324.66196816    2584.69910411]
  [   -512.50294023 -383477.95337316   20009.91297998]]

 [[-357899.72606813  -45928.13691557  131355.97557713]
  [-337959.10612257 -142755.89292486  113403.69316764]
  [-310058.74750518 -203556.20233004   99420.54912587]
  [-283626.55084399 -242773.86143717   89848.93911021]
  [-259652.82324189 -270591.4914112    82563.04353874]
  [-235166.00362336 -293973.29042216   75714.30022253]
  [-204726.24573003 -317514.80493427   68756.91206592]
  [-160465.30971744 -343182.18397679   62712.6221602 ]
  [ -91558.8375201  -368086.48938199   59877.50501158]
  [  15279.74408365 -378573.54659249   62486.79253347]]

 [[-310051.09679679 -110516.28255123  197763.66872144]
  [-278000.77600684 -192277.23467089  182211.50777849]
  [-246260.42375772 -239970.0930192   170956.5972609 ]
  [-220596.42045036 -268899.08412563  162746.74141403]
  [-199818.63411347 -288932.8811618   155068.70620654]
  [-179789.83131586 -306256.83138886  146076.58875764]
  [-154499.82145649 -324475.79889357  135282.15367258]
  [-115911.37593539 -344468.73111189  123942.91514616]
  [ -53417.50143436 -362349.80100986  115348.1350028 ]
  [  45756.84903999 -363651.72491154  114541.40620226]]

 [[-252912.64107614 -179231.91379367  226643.1491613 ]
  [-205622.79765636 -243152.72338926  214597.33966747]
  [-168577.96639703 -275533.5342584   207650.52550985]
  [-143053.81654289 -292750.65081464  203196.11713839]
  [-125200.65941916 -304071.24453318  198296.42742381]
  [-109486.45500819 -314546.13237704  191126.7819443 ]
  [ -89311.8350118  -326466.30951414  181381.21423963]
  [ -56620.24966592 -339324.44670407  170613.79544675]
  [  -1364.76730346 -347852.46895247  162643.1592594 ]
  [  87661.45973951 -336311.8846796   163296.61570159]]

 [[-193915.04388616 -242788.64034667  225624.98060552]
  [-131153.36884491 -287968.86793981  217551.66038919]
  [ -88521.55388256 -304953.6369805   215924.09265894]
  [ -62346.9708514  -310762.304865    216784.78982772]
  [ -46090.24228944 -313603.83117874  216758.68295346]
  [ -32965.89499612 -317092.73272577  214059.45113357]
  [ -16032.39295912 -322012.91212998  208582.47001503]
  [  12373.10949283 -326316.3295853   202040.98397963]
  [  60964.28374172 -323203.90072098  198188.28085081]
  [ 137832.60146322 -295899.24714609  202241.95784322]]

 [[-137832.63467695 -295899.24374813  202241.94017883]
  [ -60964.31391249 -323203.9082107   198188.25935587]
  [ -12373.13071496 -326316.34405881  202040.9593038 ]
  [  16032.38554595 -322012.92589548  208582.44933344]
  [  32965.90043601 -317092.74117143  214059.43778501]
  [  46090.24905205 -313603.83244059  216758.67968987]
  [  62346.97278698 -310762.29738354  216784.79999577]
  [  88521.54419324 -304953.62826976  215924.10893357]
  [ 131153.35255979 -287968.86389826  217551.67555658]
  [ 193915.02600086 -242788.64264211  225624.99350712]]

 [[ -87661.50829167 -336311.87541963  163296.60870869]
  [   1364.72204017 -347852.4748817   162643.14695808]
  [  56620.21194927 -339324.46082941  170613.77987035]
  [  89311.81129503 -326466.32652741  181381.19529571]
  [ 109486.44608223 -314546.14562754  191126.76525056]
  [ 125200.65483852 -304071.25531225  198296.41378713]
  [ 143053.81080755 -292750.65631219  203196.1132557 ]
  [ 168577.96034816 -275533.53471948  207650.52980872]
  [ 205622.78886208 -243152.72658246  214597.34447588]
  [ 252912.6317777  -179231.92068291  226643.15408941]]

 [[ -45756.9010207  -363651.71333052  114541.42220506]
  [  53417.45222129 -362349.80508538  115348.14499062]
  [ 115911.33381877 -344468.7438764   123942.91905781]
  [ 154499.78932491 -324475.81592803  135282.14951129]
  [ 179789.80774919 -306256.84912401  146076.58058068]
  [ 199818.61449326 -288932.89890157  155068.69843502]
  [ 220596.40524796 -268899.09854777  162746.73819119]
  [ 246260.41160554 -239970.10421374  170956.59905226]
  [ 278000.76583096 -192277.24659765  182211.51071825]
  [ 310051.09103106 -110516.29557962  197763.67048021]]

 [[ -15279.78785156 -378573.53811968   62486.83316313]
  [  91558.79585649 -368086.49472654   59877.5358648 ]
  [ 160465.27031217 -343182.19864501   62712.64271916]
  [ 204726.21299431 -317514.8238803    68756.92204625]
  [ 235165.97592743 -293973.3111544    75714.30574879]
  [ 259652.80010388 -270591.51221577   82563.0481208 ]
  [ 283626.53301109 -242773.8802118    89848.94467391]
  [ 310058.73385743 -203556.21907803   99420.55739826]
  [ 337959.09560181 -142755.91073489  113403.70210121]
  [ 357899.7211028   -45928.15658182  131355.98222972]]

 [[    512.47804511 -383477.95059634   20009.96683369]
  [ 108564.52797453 -368324.66976249    2584.74563923]
  [ 178540.7288636  -339819.37160699  -10099.64442368]
  [ 224527.38087298 -311079.86517955  -16515.83234938]
  [ 257297.39632814 -284424.92164462  -18881.57276849]
  [ 284424.91874362 -257297.39966017  -18881.57106283]
  [ 311079.86008946 -224527.38789906  -16515.83270523]
  [ 339819.36814443 -178540.73538906  -10099.64557084]
  [ 368324.66738136 -108564.53604701    2584.74588779]
  [ 383477.95041575    -512.49069205   20009.96997062]]]
